{
  "generated_by": {
    "program": "augur",
    "version": "25.2.0"
  },
  "models": {
    "country": {
      "alphabet": [
        "Argentina",
        "Austria",
        "Belgium",
        "Brazil",
        "Bulgaria",
        "Canada",
        "Colombia",
        "Cyprus",
        "Czech Republic",
        "France",
        "Germany",
        "Greece",
        "Hungary",
        "India",
        "Italy",
        "Kenya",
        "Mexico",
        "Netherlands",
        "Poland",
        "Russian Federation",
        "Serbia",
        "Slovakia",
        "Slovenia",
        "South Africa",
        "Spain",
        "Uganda",
        "United States (USA)",
        "Zambia",
        "?"
      ],
      "equilibrium_probabilities": [
        0.02961221453180287,
        0.037156797996189074,
        0.036406361737223454,
        0.03153322050893365,
        0.03704844093351466,
        0.010496393892866676,
        0.029624344864627086,
        0.03642979105683487,
        0.037548213675170354,
        0.036977979711917915,
        0.03777712872038904,
        0.035484828869221226,
        0.036991942162389616,
        0.03170550695619765,
        0.03919126714189576,
        0.03640785764023339,
        0.022084804931231595,
        0.03668677872195227,
        0.036339033434884496,
        0.03627871123713924,
        0.03772496186234758,
        0.03650381108640298,
        0.03655337980966825,
        0.03613143311775546,
        0.03224367600498815,
        0.03591074126192063,
        0.07663962448595077,
        0.03651075364635137
      ],
      "rate": 48.992776823344485,
      "transition_matrix": [
        [
          0.0,
          0.8974099948169721,
          0.8974799724111825,
          0.8972111235897773,
          0.8974517393537667,
          0.9000283145691718,
          0.8975767215409749,
          0.8975417817021414,
          0.8973698388275722,
          0.8973395923633454,
          0.8990613653533625,
          0.897489577286728,
          0.8975625165035302,
          0.8980049281964602,
          0.8936399238349197,
          0.8975566152253319,
          0.8973517149325493,
          0.8972453257144903,
          0.8974349413289271,
          0.8974704825164512,
          0.8974842774286369,
          0.8974784130337208,
          0.8974526084155697,
          0.8978854813959507,
          0.8981060559910675,
          0.897952545267096,
          1.787340825536671,
          0.8975542637969048
        ],
        [
          0.8974099948169721,
          0.0,
          0.8974661077263411,
          0.8971158822928686,
          0.8974115125708696,
          0.9007048739851785,
          0.8973550675616857,
          0.8975450138321408,
          1.1616023444809265,
          0.8973405369417883,
          0.9398167176771123,
          0.9020680293805173,
          0.8986810817245992,
          0.8980067107567092,
          1.2749298946382646,
          0.8975639468447447,
          0.8973264211203975,
          0.8971756746357017,
          0.897391818972624,
          0.8974432330762773,
          1.33921552570156,
          0.8974635255789816,
          0.8974151642563318,
          0.8981414313343052,
          0.8984724364359705,
          0.8983199513186445,
          1.3018628153381866,
          0.897589207294619
        ],
        [
          0.8974799724111825,
          0.8974661077263411,
          0.0,
          0.8971964292141048,
          0.8975308892298228,
          0.9006577554007562,
          0.8974261777344718,
          0.8976086565920116,
          0.8974165716192484,
          0.897360785114632,
          0.8994780718722365,
          1.2354365114746129,
          0.8977765796550202,
          0.898025624189242,
          0.8929600848662823,
          0.8976264062527629,
          0.8973780765066324,
          0.8972452503790401,
          0.897494352140601,
          0.8975143779418838,
          1.0619052469105945,
          1.0070407529632726,
          0.897587810044001,
          0.8980906715394118,
          0.8983009509251316,
          0.8981892839548171,
          1.2905371582724408,
          0.8976447195361995
        ],
        [
          0.8972111235897773,
          0.8971158822928686,
          0.8971964292141048,
          0.0,
          0.8971605482539697,
          0.9001907010494433,
          0.8971644682373857,
          0.8972623819855414,
          0.8970697864213779,
          0.8970417010900735,
          0.8988680802939893,
          0.8972046115272753,
          0.8972800557754003,
          0.8977415660735005,
          0.8930788529775197,
          0.8972780833311939,
          1.1019500139043978,
          0.8969440194228985,
          0.8971486560583336,
          0.8971832771684313,
          0.8971806772008918,
          0.8971940991137592,
          0.897165693155991,
          0.8976226105491498,
          0.8978477517232571,
          0.8976908766828274,
          1.6371604983750794,
          0.8972730707028548
        ],
        [
          0.8974517393537667,
          0.8974115125708696,
          0.8975308892298228,
          0.8971605482539697,
          0.0,
          0.9007103433012177,
          0.8973969882944945,
          0.8975772516075639,
          0.8973615874083787,
          0.8973212575326174,
          0.8994743913526952,
          1.7987919784233568,
          0.8976916042761514,
          0.8980496600919656,
          0.8930207424762776,
          0.8975958549002159,
          0.8973568065246297,
          0.897203739364716,
          0.8974432994487277,
          0.8974840745477141,
          0.8985735245660991,
          0.89752816338745,
          0.8974634998722221,
          0.8981383647248965,
          0.8984640791318534,
          0.8982701320797276,
          1.3004005246452635,
          0.8976318652927338
        ],
        [
          0.9000283145691718,
          0.9007048739851785,
          0.9006577554007562,
          0.9001907010494433,
          0.9007103433012177,
          0.0,
          0.9000138790130973,
          0.9007185811847087,
          0.9007290994263946,
          0.9006626812775697,
          0.9013553027621763,
          0.9008843409575719,
          0.900744740632429,
          0.9016684899180925,
          0.8997763619900148,
          0.9007282543414976,
          0.8994015250880826,
          0.9006006143560589,
          0.9006357630911666,
          0.9007286357289428,
          0.9010944435497955,
          0.900666259125761,
          0.9006626315471318,
          0.9010406734570433,
          0.901930204736506,
          0.9012057628850786,
          11.809397528498843,
          0.9007553701187766
        ],
        [
          0.8975767215409749,
          0.8973550675616857,
          0.8974261777344718,
          0.8971644682373857,
          0.8973969882944945,
          0.9000138790130973,
          0.0,
          0.8974879591215759,
          0.8973143201259057,
          0.8972849134009363,
          0.899005994644988,
          0.8974370947364708,
          0.8975078770664773,
          0.8979581696155796,
          0.8935808934219891,
          0.8975028285303955,
          0.8973191000555769,
          0.8971910511534338,
          0.8973812367237742,
          0.8974168643255588,
          0.8974284859361832,
          0.8974244742514802,
          0.8973985913308634,
          0.8978321710273722,
          0.8980584419079455,
          0.8978995646120606,
          1.7871403076138423,
          0.8975003251950235
        ],
        [
          0.8975417817021414,
          0.8975450138321408,
          0.8976086565920116,
          0.8972623819855414,
          0.8975772516075639,
          0.9007185811847087,
          0.8974879591215759,
          0.0,
          0.8974933650207437,
          0.8975067408050037,
          0.8995835766238601,
          0.8983797522213077,
          0.8977361937308201,
          0.9004017172923423,
          0.9401633264037232,
          1.033086739522127,
          0.8974355696661017,
          0.8973173862172084,
          0.897552201070251,
          0.9081917402571841,
          0.8983596475127211,
          0.8976072539731318,
          0.8975748712277737,
          0.898701231677539,
          1.2285712839349778,
          0.899166959758945,
          1.296337018616666,
          0.8978340616487828
        ],
        [
          0.8973698388275722,
          1.1616023444809265,
          0.8974165716192484,
          0.8970697864213779,
          0.8973615874083787,
          0.9007290994263946,
          0.8973143201259057,
          0.8974933650207437,
          0.0,
          0.8972833248722563,
          1.8841572244614615,
          0.9096567704164897,
          0.9009671018798645,
          0.8980103655865069,
          1.159701706529278,
          0.8975129127718247,
          0.8972968151195165,
          1.3459474129693298,
          0.8973420234891556,
          0.8973959743009258,
          1.3301274208147178,
          0.8974135701987365,
          0.8973641332290203,
          0.8983928833328882,
          0.8987432877147946,
          0.8987510014885098,
          1.3079468185186596,
          0.8976093763023116
        ],
        [
          0.8973395923633454,
          0.8973405369417883,
          0.897360785114632,
          0.8970417010900735,
          0.8973212575326174,
          0.9006626812775697,
          0.8972849134009363,
          0.8975067408050037,
          0.8972833248722563,
          0.0,
          0.8993449761326092,
          0.8975291675071108,
          0.8975510729901316,
          0.8979254994223261,
          2.2377791831258995,
          0.8975263653386812,
          0.8972728721032787,
          0.8970656511861003,
          0.8973044368750558,
          0.8973820725918201,
          0.8973688148147934,
          0.8973583574907293,
          0.8973251874114408,
          0.8978727940635898,
          0.8987358395556989,
          0.8979576158574563,
          1.29865242618136,
          0.8974548538927002
        ],
        [
          0.8990613653533625,
          0.9398167176771123,
          0.8994780718722365,
          0.8988680802939893,
          0.8994743913526952,
          0.9013553027621763,
          0.899005994644988,
          0.8995835766238601,
          1.8841572244614615,
          0.8993449761326092,
          0.0,
          0.8994873450197036,
          0.8996561706116617,
          0.8997265958754675,
          1.3929081145198465,
          0.8996011194939575,
          0.8985568301886268,
          0.899196388613238,
          0.899415947848758,
          0.8994615206492423,
          0.8996315908462186,
          0.8994813423277227,
          0.8994497598163368,
          0.899963943523662,
          0.8999078758781556,
          0.9000248257231989,
          1.320577626907044,
          0.8995748580751305
        ],
        [
          0.897489577286728,
          0.9020680293805173,
          1.2354365114746129,
          0.8972046115272753,
          1.7987919784233568,
          0.9008843409575719,
          0.8974370947364708,
          0.8983797522213077,
          0.9096567704164897,
          0.8975291675071108,
          0.8994873450197036,
          0.0,
          1.218837486193269,
          0.911252961121117,
          1.6783432418738133,
          0.8985409975809713,
          0.897463834305599,
          0.8972208383260676,
          1.3462983976181553,
          0.8992086735072611,
          2.596919005575009,
          1.0602053265873113,
          0.8976303995475484,
          0.9728965651283115,
          0.9784137387801576,
          1.0205505053963635,
          1.310698635057361,
          0.9149686710589018
        ],
        [
          0.8975625165035302,
          0.8986810817245992,
          0.8977765796550202,
          0.8972800557754003,
          0.8976916042761514,
          0.900744740632429,
          0.8975078770664773,
          0.8977361937308201,
          0.9009671018798645,
          0.8975510729901316,
          0.8996561706116617,
          1.218837486193269,
          0.0,
          0.8982481881191908,
          1.2352203545105973,
          0.8977558046417277,
          0.8974411680531417,
          0.8973444241207728,
          0.8976228753752731,
          0.8976407390522246,
          1.3258906503447874,
          0.8977086506128669,
          0.8976028658215557,
          0.8986695690981522,
          0.8991194055323303,
          0.8990424859184472,
          1.3002621811160764,
          0.8978613127508115
        ],
        [
          0.8980049281964602,
          0.8980067107567092,
          0.898025624189242,
          0.8977415660735005,
          0.8980496600919656,
          0.9016684899180925,
          0.8979581696155796,
          0.9004017172923423,
          0.8980103655865069,
          0.8979254994223261,
          0.8997265958754675,
          0.911252961121117,
          0.8982481881191908,
          0.0,
          0.914461720850447,
          0.9008967274731235,
          0.8980410909180663,
          0.8977222489319865,
          0.8979684709568366,
          0.9034936665678917,
          0.9113905829272264,
          0.8980280209226895,
          0.897993505246177,
          0.9097133317256796,
          1.1445667761621907,
          0.9173955040182848,
          1.6115015539564241,
          0.9005590742659483
        ],
        [
          0.8936399238349197,
          1.2749298946382646,
          0.8929600848662823,
          0.8930788529775197,
          0.8930207424762776,
          0.8997763619900148,
          0.8935808934219891,
          0.9401633264037232,
          1.159701706529278,
          2.2377791831258995,
          1.3929081145198465,
          1.6783432418738133,
          1.2352203545105973,
          0.914461720850447,
          0.0,
          0.9438836988537579,
          0.8945650159621658,
          0.8924637339113048,
          0.8927860231134305,
          0.9502658834917467,
          1.3528631928124077,
          0.8928834034676928,
          0.8927447430072432,
          0.9008507501660548,
          2.78204997794596,
          0.905516906939476,
          1.361662819614702,
          0.8946297117780466
        ],
        [
          0.8975566152253319,
          0.8975639468447447,
          0.8976264062527629,
          0.8972780833311939,
          0.8975958549002159,
          0.9007282543414976,
          0.8975028285303955,
          1.033086739522127,
          0.8975129127718247,
          0.8975263653386812,
          0.8996011194939575,
          0.8985409975809713,
          0.8977558046417277,
          0.9008967274731235,
          0.9438836988537579,
          0.0,
          0.8974481487023149,
          0.8973348261993597,
          0.8975698691826883,
          0.9098060701847249,
          0.898523159759749,
          0.8976250804169034,
          0.8975926697877928,
          0.8988419497248118,
          1.2443617228720512,
          0.8993891010595731,
          1.297196730815152,
          0.897879004642358
        ],
        [
          0.8973517149325493,
          0.8973264211203975,
          0.8973780765066324,
          1.1019500139043978,
          0.8973568065246297,
          0.8994015250880826,
          0.8973191000555769,
          0.8974355696661017,
          0.8972968151195165,
          0.8972728721032787,
          0.8985568301886268,
          0.897463834305599,
          0.8974411680531417,
          0.8980410909180663,
          0.8945650159621658,
          0.8974481487023149,
          0.0,
          0.8972025541667413,
          0.8973440295543776,
          0.8973905260410455,
          0.897460486504606,
          0.8973770670192404,
          0.8973572708615002,
          0.8977490390226139,
          0.8981737691706871,
          0.8978401151550114,
          2.831279002081475,
          0.8974498565630395
        ],
        [
          0.8972453257144903,
          0.8971756746357017,
          0.8972452503790401,
          0.8969440194228985,
          0.897203739364716,
          0.9006006143560589,
          0.8971910511534338,
          0.8973173862172084,
          1.3459474129693298,
          0.8970656511861003,
          0.899196388613238,
          0.8972208383260676,
          0.8973444241207728,
          0.8977222489319865,
          0.8924637339113048,
          0.8973348261993597,
          0.8972025541667413,
          0.0,
          0.8971894976281457,
          0.8972188346668084,
          0.8974216024033527,
          0.897242659504952,
          0.8972094581840133,
          0.8977074348847568,
          0.8978224962429554,
          0.8977664376121791,
          1.2934223537188196,
          0.8973266509032682
        ],
        [
          0.8974349413289271,
          0.897391818972624,
          0.897494352140601,
          0.8971486560583336,
          0.8974432994487277,
          0.9006357630911666,
          0.8973812367237742,
          0.897552201070251,
          0.8973420234891556,
          0.8973044368750558,
          0.899415947848758,
          1.3462983976181553,
          0.8976228753752731,
          0.8979684709568366,
          0.8927860231134305,
          0.8975698691826883,
          0.8973440295543776,
          0.8971894976281457,
          0.0,
          0.8974577865982615,
          0.8980302131167593,
          0.8974919517788911,
          0.8974441557268485,
          0.8980175620355755,
          0.8982181561090596,
          0.8981091292082727,
          1.2891946929359466,
          0.8975838091441138
        ],
        [
          0.8974704825164512,
          0.8974432330762773,
          0.8975143779418838,
          0.8971832771684313,
          0.8974840745477141,
          0.9007286357289428,
          0.8974168643255588,
          0.9081917402571841,
          0.8973959743009258,
          0.8973820725918201,
          0.8994615206492423,
          0.8992086735072611,
          0.8976407390522246,
          0.9034936665678917,
          0.9502658834917467,
          0.9098060701847249,
          0.8973905260410455,
          0.8972188346668084,
          0.8974577865982615,
          0.0,
          0.8991870381170466,
          0.8975128472686874,
          0.8974795089146393,
          0.8993907961043701,
          1.2903079550624381,
          0.9003824093726678,
          1.3010471726292374,
          0.8979103754553701
        ],
        [
          0.8974842774286369,
          1.33921552570156,
          1.0619052469105945,
          0.8971806772008918,
          0.8985735245660991,
          0.9010944435497955,
          0.8974284859361832,
          0.8983596475127211,
          1.3301274208147178,
          0.8973688148147934,
          0.8996315908462186,
          2.596919005575009,
          1.3258906503447874,
          0.9113905829272264,
          1.3528631928124077,
          0.898523159759749,
          0.897460486504606,
          0.8974216024033527,
          0.8980302131167593,
          0.8991870381170466,
          0.0,
          1.2624776881489783,
          1.346274938121053,
          0.9736970757367003,
          0.9784769697665302,
          1.021642644494122,
          1.3465432519305127,
          0.915212639856641
        ],
        [
          0.8974784130337208,
          0.8974635255789816,
          1.0070407529632726,
          0.8971940991137592,
          0.89752816338745,
          0.900666259125761,
          0.8974244742514802,
          0.8976072539731318,
          0.8974135701987365,
          0.8973583574907293,
          0.8994813423277227,
          1.0602053265873113,
          0.8977086506128669,
          0.8980280209226895,
          0.8928834034676928,
          0.8976250804169034,
          0.8973770670192404,
          0.897242659504952,
          0.8974919517788911,
          0.8975128472686874,
          1.2624776881489783,
          0.0,
          0.897686286634706,
          0.8980937277902974,
          0.8983118268424629,
          0.8981938432962799,
          1.291973293749601,
          0.8976442201386058
        ],
        [
          0.8974526084155697,
          0.8974151642563318,
          0.897587810044001,
          0.897165693155991,
          0.8974634998722221,
          0.9006626315471318,
          0.8973985913308634,
          0.8975748712277737,
          0.8973641332290203,
          0.8973251874114408,
          0.8994497598163368,
          0.8976303995475484,
          0.8976028658215557,
          0.897993505246177,
          0.8927447430072432,
          0.8975926697877928,
          0.8973572708615002,
          0.8972094581840133,
          0.8974441557268485,
          0.8974795089146393,
          1.346274938121053,
          0.897686286634706,
          0.0,
          0.8980461224424101,
          0.8982493523952705,
          0.898139949804318,
          1.2926010068861997,
          0.8976071946692166
        ],
        [
          0.8978854813959507,
          0.8981414313343052,
          0.8980906715394118,
          0.8976226105491498,
          0.8981383647248965,
          0.9010406734570433,
          0.8978321710273722,
          0.898701231677539,
          0.8983928833328882,
          0.8978727940635898,
          0.899963943523662,
          0.9728965651283115,
          0.8986695690981522,
          0.9097133317256796,
          0.9008507501660548,
          0.8988419497248118,
          0.8977490390226139,
          0.8977074348847568,
          0.8980175620355755,
          0.8993907961043701,
          0.9736970757367003,
          0.8980937277902974,
          0.8980461224424101,
          0.0,
          0.966961971487321,
          1.3284955308084907,
          1.317402574052401,
          0.9870305648915851
        ],
        [
          0.8981060559910675,
          0.8984724364359705,
          0.8983009509251316,
          0.8978477517232571,
          0.8984640791318534,
          0.901930204736506,
          0.8980584419079455,
          1.2285712839349778,
          0.8987432877147946,
          0.8987358395556989,
          0.8999078758781556,
          0.9784137387801576,
          0.8991194055323303,
          1.1445667761621907,
          2.78204997794596,
          1.2443617228720512,
          0.8981737691706871,
          0.8978224962429554,
          0.8982181561090596,
          1.2903079550624381,
          0.9784769697665302,
          0.8983118268424629,
          0.8982493523952705,
          0.966961971487321,
          0.0,
          1.0153272471887809,
          1.7356100412432263,
          0.9131561071985389
        ],
        [
          0.897952545267096,
          0.8983199513186445,
          0.8981892839548171,
          0.8976908766828274,
          0.8982701320797276,
          0.9012057628850786,
          0.8978995646120606,
          0.899166959758945,
          0.8987510014885098,
          0.8979576158574563,
          0.9000248257231989,
          1.0205505053963635,
          0.8990424859184472,
          0.9173955040182848,
          0.905516906939476,
          0.8993891010595731,
          0.8978401151550114,
          0.8977664376121791,
          0.8981091292082727,
          0.9003824093726678,
          1.021642644494122,
          0.8981938432962799,
          0.898139949804318,
          1.3284955308084907,
          1.0153272471887809,
          0.0,
          1.3338363957086379,
          1.3155486412012125
        ],
        [
          1.787340825536671,
          1.3018628153381866,
          1.2905371582724408,
          1.6371604983750794,
          1.3004005246452635,
          11.809397528498843,
          1.7871403076138423,
          1.296337018616666,
          1.3079468185186596,
          1.29865242618136,
          1.320577626907044,
          1.310698635057361,
          1.3002621811160764,
          1.6115015539564241,
          1.361662819614702,
          1.297196730815152,
          2.831279002081475,
          1.2934223537188196,
          1.2891946929359466,
          1.3010471726292374,
          1.3465432519305127,
          1.291973293749601,
          1.2926010068861997,
          1.317402574052401,
          1.7356100412432263,
          1.3338363957086379,
          0.0,
          1.2987473965734657
        ],
        [
          0.8975542637969048,
          0.897589207294619,
          0.8976447195361995,
          0.8972730707028548,
          0.8976318652927338,
          0.9007553701187766,
          0.8975003251950235,
          0.8978340616487828,
          0.8976093763023116,
          0.8974548538927002,
          0.8995748580751305,
          0.9149686710589018,
          0.8978613127508115,
          0.9005590742659483,
          0.8946297117780466,
          0.897879004642358,
          0.8974498565630395,
          0.8973266509032682,
          0.8975838091441138,
          0.8979103754553701,
          0.915212639856641,
          0.8976442201386058,
          0.8976071946692166,
          0.9870305648915851,
          0.9131561071985389,
          1.3155486412012125,
          1.2987473965734657,
          0.0
        ]
      ]
    },
    "region": {
      "alphabet": [
        "Africa",
        "Asia",
        "Europe",
        "North America",
        "South America",
        "?"
      ],
      "equilibrium_probabilities": [
        0.185789092707505,
        0.17235165486150195,
        0.16841302232682465,
        0.34277039685219834,
        0.13067583325197016
      ],
      "rate": 8.156244151057395,
      "transition_matrix": [
        [
          0.0,
          0.936123749228047,
          1.7761927119502792,
          0.9247896767527718,
          0.933091619552496
        ],
        [
          0.936123749228047,
          0.0,
          1.6996951407831602,
          1.1060863148720428,
          0.9345114606525107
        ],
        [
          1.7761927119502792,
          1.6996951407831602,
          0.0,
          1.1891232975693617,
          0.8952792057695443
        ],
        [
          0.9247896767527718,
          1.1060863148720428,
          1.1891232975693617,
          0.0,
          2.429610263755457
        ],
        [
          0.933091619552496,
          0.9345114606525107,
          0.8952792057695443,
          2.429610263755457,
          0.0
        ]
      ]
    }
  },
  "nodes": {
    "DQ786572": {
      "country": "France",
      "country_confidence": {
        "France": 1.0
      },
      "country_entropy": -1.000088900581841e-12,
      "region": "Europe",
      "region_confidence": {
        "Europe": 1.0
      },
      "region_entropy": -1.000088900581841e-12
    },
    "DQ786573": {
      "country": "France",
      "country_confidence": {
        "France": 1.0
      },
      "country_entropy": -1.000088900581841e-12,
      "region": "Europe",
      "region_confidence": {
        "Europe": 1.0
      },
      "region_entropy": -1.000088900581841e-12
    },
    "FJ766331": {
      "country": "Spain",
      "country_confidence": {
        "Spain": 1.0
      },
      "country_entropy": -1.000088900581841e-12,
      "region": "Europe",
      "region_confidence": {
        "Europe": 1.0
      },
      "region_entropy": -1.000088900581841e-12
    },
    "FJ766332": {
      "country": "Spain",
      "country_confidence": {
        "Spain": 1.0
      },
      "country_entropy": -1.000088900581841e-12,
      "region": "Europe",
      "region_confidence": {
        "Europe": 1.0
      },
      "region_entropy": -1.000088900581841e-12
    },
    "GQ379156": {
      "country": "United States (USA)",
      "country_confidence": {
        "United States (USA)": 1.0
      },
      "country_entropy": -1.000088900581841e-12,
      "region": "North America",
      "region_confidence": {
        "North America": 1.0
      },
      "region_entropy": -1.000088900581841e-12
    },
    "GQ379157": {
      "country": "United States (USA)",
      "country_confidence": {
        "United States (USA)": 0.9999999999999999
      },
      "country_entropy": -9.99866855976916e-13,
      "region": "North America",
      "region_confidence": {
        "North America": 1.0
      },
      "region_entropy": -1.000088900581841e-12
    },
    "GQ379158": {
      "country": "United States (USA)",
      "country_confidence": {
        "United States (USA)": 0.9999999999999999
      },
      "country_entropy": -9.99866855976916e-13,
      "region": "North America",
      "region_confidence": {
        "North America": 1.0
      },
      "region_entropy": -1.000088900581841e-12
    },
    "GQ379159": {
      "country": "United States (USA)",
      "country_confidence": {
        "United States (USA)": 0.9999999999999999
      },
      "country_entropy": -9.99866855976916e-13,
      "region": "North America",
      "region_confidence": {
        "North America": 1.0
      },
      "region_entropy": -1.000088900581841e-12
    },
    "GQ379160": {
      "country": "Argentina",
      "country_confidence": {
        "Argentina": 0.9999999999999999
      },
      "country_entropy": -9.99866855976916e-13,
      "region": "South America",
      "region_confidence": {
        "South America": 1.0
      },
      "region_entropy": -1.000088900581841e-12
    },
    "GQ507468": {
      "country": "United States (USA)",
      "country_confidence": {
        "United States (USA)": 1.0
      },
      "country_entropy": -1.000088900581841e-12,
      "region": "North America",
      "region_confidence": {
        "North America": 1.0
      },
      "region_entropy": -1.000088900581841e-12
    },
    "GQ507469": {
      "country": "United States (USA)",
      "country_confidence": {
        "United States (USA)": 1.0
      },
      "country_entropy": -1.000088900581841e-12,
      "region": "North America",
      "region_confidence": {
        "North America": 1.0
      },
      "region_entropy": -1.000088900581841e-12
    },
    "GQ507470": {
      "country": "United States (USA)",
      "country_confidence": {
        "United States (USA)": 0.9999999999999999
      },
      "country_entropy": -9.99866855976916e-13,
      "region": "North America",
      "region_confidence": {
        "North America": 1.0
      },
      "region_entropy": -1.000088900581841e-12
    },
    "GQ507471": {
      "country": "United States (USA)",
      "country_confidence": {
        "United States (USA)": 1.0
      },
      "country_entropy": -1.000088900581841e-12,
      "region": "North America",
      "region_confidence": {
        "North America": 1.0
      },
      "region_entropy": -1.000088900581841e-12
    },
    "GQ507472": {
      "country": "United States (USA)",
      "country_confidence": {
        "United States (USA)": 1.0
      },
      "country_entropy": -1.000088900581841e-12,
      "region": "North America",
      "region_confidence": {
        "North America": 1.0
      },
      "region_entropy": -1.000088900581841e-12
    },
    "GQ507473": {
      "country": "United States (USA)",
      "country_confidence": {
        "United States (USA)": 1.0
      },
      "country_entropy": -1.000088900581841e-12,
      "region": "North America",
      "region_confidence": {
        "North America": 1.0
      },
      "region_entropy": -1.000088900581841e-12
    },
    "GQ507474": {
      "country": "United States (USA)",
      "country_confidence": {
        "United States (USA)": 1.0
      },
      "country_entropy": -1.000088900581841e-12,
      "region": "North America",
      "region_confidence": {
        "North America": 1.0
      },
      "region_entropy": -1.000088900581841e-12
    },
    "GQ507475": {
      "country": "United States (USA)",
      "country_confidence": {
        "United States (USA)": 1.0
      },
      "country_entropy": -1.000088900581841e-12,
      "region": "North America",
      "region_confidence": {
        "North America": 1.0
      },
      "region_entropy": -1.000088900581841e-12
    },
    "GQ507476": {
      "country": "United States (USA)",
      "country_confidence": {
        "United States (USA)": 0.9999999999999999
      },
      "country_entropy": -9.99866855976916e-13,
      "region": "North America",
      "region_confidence": {
        "North America": 0.9999999999999999
      },
      "region_entropy": -9.99866855976916e-13
    },
    "GQ507477": {
      "country": "United States (USA)",
      "country_confidence": {
        "United States (USA)": 1.0
      },
      "country_entropy": -1.000088900581841e-12,
      "region": "North America",
      "region_confidence": {
        "North America": 0.9999999999999999
      },
      "region_entropy": -9.99866855976916e-13
    },
    "GQ507478": {
      "country": "United States (USA)",
      "country_confidence": {
        "United States (USA)": 1.0
      },
      "country_entropy": -1.000088900581841e-12,
      "region": "North America",
      "region_confidence": {
        "North America": 0.9999999999999999
      },
      "region_entropy": -9.99866855976916e-13
    },
    "GQ507479": {
      "country": "United States (USA)",
      "country_confidence": {
        "United States (USA)": 1.0
      },
      "country_entropy": -1.000088900581841e-12,
      "region": "North America",
      "region_confidence": {
        "North America": 1.0
      },
      "region_entropy": -1.000088900581841e-12
    },
    "GQ507480": {
      "country": "United States (USA)",
      "country_confidence": {
        "United States (USA)": 0.9999999999999999
      },
      "country_entropy": -9.99866855976916e-13,
      "region": "North America",
      "region_confidence": {
        "North America": 1.0
      },
      "region_entropy": -1.000088900581841e-12
    },
    "GQ507481": {
      "country": "United States (USA)",
      "country_confidence": {
        "United States (USA)": 1.0
      },
      "country_entropy": -1.000088900581841e-12,
      "region": "North America",
      "region_confidence": {
        "North America": 1.0
      },
      "region_entropy": -1.000088900581841e-12
    },
    "GQ507482": {
      "country": "United States (USA)",
      "country_confidence": {
        "United States (USA)": 1.0
      },
      "country_entropy": -1.000088900581841e-12,
      "region": "North America",
      "region_confidence": {
        "North America": 0.9999999999999999
      },
      "region_entropy": -9.99866855976916e-13
    },
    "GQ507483": {
      "country": "United States (USA)",
      "country_confidence": {
        "United States (USA)": 1.0
      },
      "country_entropy": -1.000088900581841e-12,
      "region": "North America",
      "region_confidence": {
        "North America": 1.0
      },
      "region_entropy": -1.000088900581841e-12
    },
    "GQ507484": {
      "country": "United States (USA)",
      "country_confidence": {
        "United States (USA)": 1.0
      },
      "country_entropy": -1.000088900581841e-12,
      "region": "North America",
      "region_confidence": {
        "North America": 1.0
      },
      "region_entropy": -1.000088900581841e-12
    },
    "JF703161": {
      "country": "United States (USA)",
      "country_confidence": {
        "United States (USA)": 1.0
      },
      "country_entropy": -1.000088900581841e-12,
      "region": "North America",
      "region_confidence": {
        "North America": 1.0
      },
      "region_entropy": -1.000088900581841e-12
    },
    "JF703162": {
      "country": "United States (USA)",
      "country_confidence": {
        "United States (USA)": 1.0
      },
      "country_entropy": -1.000088900581841e-12,
      "region": "North America",
      "region_confidence": {
        "North America": 0.9999999999999999
      },
      "region_entropy": -9.99866855976916e-13
    },
    "JF703163": {
      "country": "United States (USA)",
      "country_confidence": {
        "United States (USA)": 1.0
      },
      "country_entropy": -1.000088900581841e-12,
      "region": "North America",
      "region_confidence": {
        "North America": 1.0
      },
      "region_entropy": -1.000088900581841e-12
    },
    "JF719065": {
      "country": "Italy",
      "country_confidence": {
        "Italy": 0.9999999999999999
      },
      "country_entropy": -9.99866855976916e-13,
      "region": "Europe",
      "region_confidence": {
        "Europe": 0.9999999999999999
      },
      "region_entropy": -9.99866855976916e-13
    },
    "JF719066": {
      "country": "Italy",
      "country_confidence": {
        "Italy": 0.9999999999999999
      },
      "country_entropy": -9.99866855976916e-13,
      "region": "Europe",
      "region_confidence": {
        "Europe": 0.9999999999999999
      },
      "region_entropy": -9.99866855976916e-13
    },
    "JF719067": {
      "country": "Italy",
      "country_confidence": {
        "Italy": 0.9999999999999999
      },
      "country_entropy": -9.99866855976916e-13,
      "region": "Europe",
      "region_confidence": {
        "Europe": 0.9999999999999999
      },
      "region_entropy": -9.99866855976916e-13
    },
    "JF719068": {
      "country": "Italy",
      "country_confidence": {
        "Italy": 0.9999999999999999
      },
      "country_entropy": -9.99866855976916e-13,
      "region": "Europe",
      "region_confidence": {
        "Europe": 0.9999999999999999
      },
      "region_entropy": -9.99866855976916e-13
    },
    "JF719069": {
      "country": "Spain",
      "country_confidence": {
        "Spain": 0.9999999999999999
      },
      "country_entropy": -9.99866855976916e-13,
      "region": "Europe",
      "region_confidence": {
        "Europe": 1.0
      },
      "region_entropy": -1.000088900581841e-12
    },
    "JN051152": {
      "country": "Mexico",
      "country_confidence": {
        "Mexico": 0.9999999999999999
      },
      "country_entropy": -9.99866855976916e-13,
      "region": "North America",
      "region_confidence": {
        "North America": 1.0
      },
      "region_entropy": -1.000088900581841e-12
    },
    "JN051153": {
      "country": "Mexico",
      "country_confidence": {
        "Mexico": 1.0
      },
      "country_entropy": -1.000088900581841e-12,
      "region": "North America",
      "region_confidence": {
        "North America": 1.0
      },
      "region_entropy": -1.000088900581841e-12
    },
    "JN393308": {
      "country": "South Africa",
      "country_confidence": {
        "South Africa": 1.0
      },
      "country_entropy": -1.000088900581841e-12,
      "region": "Africa",
      "region_confidence": {
        "Africa": 1.0
      },
      "region_entropy": -1.000088900581841e-12
    },
    "JN716371": {
      "country": "Colombia",
      "country_confidence": {
        "Colombia": 0.9999999999999999
      },
      "country_entropy": -9.99866855976916e-13,
      "region": "South America",
      "region_confidence": {
        "South America": 1.0
      },
      "region_entropy": -1.000088900581841e-12
    },
    "JN716372": {
      "country": "Colombia",
      "country_confidence": {
        "Colombia": 0.9999999999999999
      },
      "country_entropy": -9.99866855976916e-13,
      "region": "South America",
      "region_confidence": {
        "South America": 1.0
      },
      "region_entropy": -1.000088900581841e-12
    },
    "JN858069": {
      "country": "Italy",
      "country_confidence": {
        "Italy": 0.9999999999999999
      },
      "country_entropy": -9.99866855976916e-13,
      "region": "Europe",
      "region_confidence": {
        "Europe": 1.0
      },
      "region_entropy": -1.000088900581841e-12
    },
    "JN858070": {
      "country": "Italy",
      "country_confidence": {
        "Italy": 1.0
      },
      "country_entropy": -1.000088900581841e-12,
      "region": "Europe",
      "region_confidence": {
        "Europe": 1.0
      },
      "region_entropy": -1.000088900581841e-12
    },
    "JQ928174": {
      "country": "Italy",
      "country_confidence": {
        "Italy": 1.0
      },
