{
  "generated_by": {
    "program": "augur",
    "version": "25.2.0"
  },
  "models": {
    "country": {
      "alphabet": [
        "Argentina",
        "Austria",
        "Belgium",
        "Brazil",
        "Bulgaria",
        "Canada",
        "Colombia",
        "Cyprus",
        "Czech Republic",
        "France",
        "Germany",
        "Greece",
        "Hungary",
        "India",
        "Italy",
        "Kenya",
        "Mexico",
        "Netherlands",
        "Poland",
        "Russian Federation",
        "Serbia",
        "Slovakia",
        "Slovenia",
        "South Africa",
        "Spain",
        "Uganda",
        "United States (USA)",
        "Zambia",
        "?"
      ],
      "equilibrium_probabilities": [
        0.030293301307824674,
        0.03752082340251076,
        0.036794061800653005,
        0.032726035719652574,
        0.03734154687463386,
        0.010850465520569974,
        0.030313164689152513,
        0.036904792101128896,
        0.03753121983390975,
        0.03639993490445152,
        0.0374540344375883,
        0.03543252447621562,
        0.037180627795233845,
        0.03285804069548196,
        0.04055541900465084,
        0.03686793087297634,
        0.022818583939535036,
        0.037372745776358,
        0.03667031750280534,
        0.036690726061196624,
        0.037715086172816326,
        0.0369891309504637,
        0.03711528687264398,
        0.03677516351335589,
        0.032933652931726565,
        0.03668214794191093,
        0.06407512950116381,
        0.037138105399389484
      ],
      "rate": 61.33020680853887,
      "transition_matrix": [
        [
          0.0,
          0.956784636692379,
          0.9568701974599039,
          0.9565874682271828,
          0.9568209030950183,
          0.956512917348075,
          0.9570681279064246,
          0.9570223791719867,
          0.9567500623913258,
          0.9566993142003974,
          0.9591474818977729,
          0.9578287943246674,
          0.9570002944401276,
          0.9578673281351978,
          0.9529215929732622,
          0.957045577220653,
          0.9567519731151833,
          0.956594771251678,
          0.9568087569573461,
          0.9569237570993482,
          0.9570763950275749,
          0.9568657279724463,
          0.9568258900946429,
          0.9575380920785656,
          0.958313562808752,
          0.9576893521627247,
          1.4502759057766377,
          0.9569991344299984
        ],
        [
          0.956784636692379,
          0.0,
          0.9568723483055489,
          0.9564783731407848,
          0.9567870808276667,
          0.9564289188028856,
          0.9567248719682511,
          0.9570607873031827,
          1.290816736168084,
          0.9567318504387332,
          0.9601846826028824,
          0.9643348838668493,
          0.9584981552047521,
          0.9578760373848827,
          1.3589507494518969,
          0.9570893983851956,
          0.9566952663124335,
          0.956537464289774,
          0.9567710017575133,
          0.9569193963560348,
          1.4262818722500286,
          0.9568655215815808,
          0.956794921804423,
          0.9579041866439578,
          0.9588318972992366,
          0.9581958055522877,
          0.9694909273966521,
          0.9570642851027251
        ],
        [
          0.9568701974599039,
          0.9568723483055489,
          0.0,
          0.9565768286840554,
          0.9569342518818588,
          0.9564650884900333,
          0.9568116371062048,
          0.9571230443941275,
          0.9568304286444105,
          0.9567405372482333,
          0.9597178511369376,
          1.3178537087475952,
          0.9573126476896676,
          0.9578760990135332,
          0.952351450809172,
          0.957149578003054,
          0.9567603988630079,
          0.956615012240406,
          0.9568956025577742,
          0.9569936762575211,
          1.1395840922151297,
          1.06015558731933,
          0.9570204332976596,
          0.9578209947014881,
          0.9585887258022298,
          0.958014319479525,
          0.9693467430302196,
          0.9571269521675569
        ],
        [
          0.9565874682271828,
          0.9564783731407848,
          0.9565768286840554,
          0.0,
          0.9565193913911304,
          0.9565322472749331,
          0.9565352305004139,
          0.9567339578469448,
          0.9564407253927186,
          0.9563959352941009,
          0.9590311050924323,
          0.9575879684145078,
          0.9567133611399292,
          0.9575737989782008,
          0.9522525995533581,
          0.9567583385504644,
          1.2131541253471594,
          0.9562751744706168,
          0.9565118312144851,
          0.9566246762629028,
          0.9567588861202307,
          0.9565703141377164,
          0.9565267124005035,
          0.9572672706978859,
          0.9580322141502589,
          0.9574146232138141,
          1.2688669683817542,
          0.9567060974980783
        ],
        [
          0.9568209030950183,
          0.9567870808276667,
          0.9569342518818588,
          0.9565193913911304,
          0.0,
          0.9564433442656933,
          0.9567614526470715,
          0.9570715191785805,
          0.9567466519891784,
          0.9566792859532426,
          0.9596985289725732,
          1.921588284147398,
          0.9571705656717959,
          0.9579080247548827,
          0.9524287902142229,
          0.9570995127317149,
          0.9567210631387649,
          0.9565501151778216,
          0.9568163999187224,
          0.9569463983624664,
          0.9586680520496521,
          0.9569274245041384,
          0.9568351757497888,
          0.9578795546603025,
          0.958807955232764,
          0.9581161291560442,
          0.9695222554343006,
          0.9570995613275616
        ],
        [
          0.956512917348075,
          0.9564289188028856,
          0.9564650884900333,
          0.9565322472749331,
          0.9564433442656933,
          0.0,
          0.9564954628386113,
          0.956600485856792,
          0.9564197012968725,
          0.956408042624371,
          0.9572712759244613,
          0.9573416730458725,
          0.9565135040021476,
          0.9590096377641186,
          0.9555278235008219,
          0.9566249508487018,
          0.9567006336264778,
          0.9563588096999013,
          0.9564439611309428,
          0.9566691184702699,
          0.9570189746341791,
          0.9564615918870636,
          0.9564456393474867,
          0.9571560654553695,
          0.9594449019155277,
          0.9574603435135908,
          11.198543911129182,
          0.9566096652503717
        ],
        [
          0.9570681279064246,
          0.9567248719682511,
          0.9568116371062048,
          0.9565352305004139,
          0.9567614526470715,
          0.9564954628386113,
          0.0,
          0.956963681650029,
          0.9566902618356554,
          0.9566412986010387,
          0.9590890929181799,
          0.9577727683366681,
          0.9569411805150376,
          0.9578153466393239,
          0.9528548871019361,
          0.9569869476627072,
          0.9567155989415194,
          0.9565351512827537,
          0.9567503689943484,
          0.9568653599436392,
          0.957016348723292,
          0.9568068546964476,
          0.9567668027207483,
          0.9574797938875317,
          0.9582615205835232,
          0.9576312276403689,
          1.4500119101221947,
          0.9569400629789307
        ],
        [
          0.9570223791719867,
          0.9570607873031827,
          0.9571230443941275,
          0.9567339578469448,
          0.9570715191785805,
          0.956600485856792,
          0.956963681650029,
          0.0,
          0.9570183591591904,
          0.9570456144638876,
          0.9599468989307739,
          0.9593549653045416,
          0.9573273177007029,
          0.9613948671926247,
          1.0183091388091172,
          1.1156578108743962,
          0.9569005218861258,
          0.9567856129745723,
          0.9570470650623952,
          0.9719436442124118,
          0.9583603190018747,
          0.9571185056107097,
          0.9570707155359475,
          0.9587637198547233,
          1.2876985952552622,
          0.959424369634635,
          0.9737870685281544,
          0.957462127002982
        ],
        [
          0.9567500623913258,
          1.290816736168084,
          0.9568304286444105,
          0.9564407253927186,
          0.9567466519891784,
          0.9564197012968725,
          0.9566902618356554,
          0.9570183591591904,
          0.0,
          0.9566849793719737,
          1.4435131030356434,
          0.9760657382380581,
          0.9621270012774037,
          0.9579153653768099,
          1.2820197939735467,
          0.9570480659116863,
          0.9566699493257915,
          1.4350468940719183,
          0.9567299114546177,
          0.9568865681682581,
          1.4154091555709252,
          0.9568229409745994,
          0.9567513497782963,
          0.958359202251616,
          0.9592755601046472,
          0.9589184912981729,
          0.9695201137015729,
          0.95713507460816
        ],
        [
          0.9566993142003974,
          0.9567318504387332,
          0.9567405372482333,
          0.9563959352941009,
          0.9566792859532426,
          0.956408042624371,
          0.9566412986010387,
          0.9570456144638876,
          0.9566849793719737,
          0.0,
          0.9594786958372795,
          0.9581101052273923,
          0.9570167964413002,
          0.9577976666186276,
          2.389765487317588,
          0.9570755355047741,
          0.9566317789471711,
          0.9564073249567195,
          0.9566671022039056,
          0.9568650859163577,
          0.9570070091057972,
          0.9567342869593267,
          0.9566859322629243,
          0.9575522429497241,
          0.9595287027297547,
          0.9577356686907021,
          0.968978837066669,
          0.956897417159558
        ],
        [
          0.9591474818977729,
          0.9601846826028824,
          0.9597178511369376,
          0.9590311050924323,
          0.9596985289725732,
          0.9572712759244613,
          0.9590890929181799,
          0.9599468989307739,
          1.4435131030356434,
          0.9594786958372795,
          0.0,
          0.9608193162788711,
          0.9599524956156509,
          0.9603524755611538,
          1.4339671666005271,
          0.959971535362805,
          0.9584714416000596,
          0.9594215394929515,
          0.9596317394207184,
          0.959773246575492,
          0.9600010700016894,
          0.9597271986110966,
          0.9596873909860391,
          0.960495029126613,
          0.9608776060947402,
          0.9606458773045934,
          0.9745054211466039,
          0.9598932667933744
        ],
        [
          0.9578287943246674,
          0.9643348838668493,
          1.3178537087475952,
          0.9575879684145078,
          1.921588284147398,
          0.9573416730458725,
          0.9577727683366681,
          0.9593549653045416,
          0.9760657382380581,
          0.9581101052273923,
          0.9608193162788711,
          0.0,
          1.3136344288506805,
          0.9746094990170964,
          1.8087254646912394,
          0.9596008710787217,
          0.9576240677680048,
          0.9577173150365074,
          1.4370803124191327,
          0.9605567904929045,
          2.805932510920133,
          1.1271275246238424,
          0.9582227783944053,
          1.043799152188231,
          1.0433918608761754,
          1.0922371463887641,
          0.9911737746063829,
          0.97735607790601
        ],
        [
          0.9570002944401276,
          0.9584981552047521,
          0.9573126476896676,
          0.9567133611399292,
          0.9571705656717959,
          0.9565135040021476,
          0.9569411805150376,
          0.9573273177007029,
          0.9621270012774037,
          0.9570167964413002,
          0.9599524956156509,
          1.3136344288506805,
          0.0,
          0.9582251152344359,
          1.314921265184423,
          0.9573571954235621,
          0.9568610387156795,
          0.9567739725353885,
          0.9570894320394353,
          0.9571976901943822,
          1.4074452059187026,
          0.957206867323336,
          0.9570558288194951,
          0.9586581551250667,
          0.9597120454843646,
          0.9592025849999078,
          0.9699938285419618,
          0.9574449795188558
        ],
        [
          0.9578673281351978,
          0.9578760373848827,
          0.9578760990135332,
          0.9575737989782008,
          0.9579080247548827,
          0.9590096377641186,
          0.9578153466393239,
          0.9613948671926247,
          0.9579153653768099,
          0.9577976666186276,
          0.9603524755611538,
          0.9746094990170964,
          0.9582251152344359,
          0.0,
          0.9844948016278122,
          0.9621715703946973,
          0.9579896984451489,
          0.9575012990805374,
          0.9577959094040006,
          0.9659927646602898,
          0.9730119095758276,
          0.9578744617328768,
          0.9578241550015301,
          0.972008169699786,
          1.2336709814302698,
          0.9802463444152422,
          1.2391721588014384,
          0.960859752188088
        ],
        [
          0.9529215929732622,
          1.3589507494518969,
          0.952351450809172,
          0.9522525995533581,
          0.9524287902142229,
          0.9555278235008219,
          0.9528548871019361,
          1.0183091388091172,
          1.2820197939735467,
          2.389765487317588,
          1.4339671666005271,
          1.8087254646912394,
          1.314921265184423,
          0.9844948016278122,
          0.0,
          1.02423453459541,
          0.9538966632508126,
          0.9516769129678305,
          0.9521003473230366,
          1.0344893222160154,
          1.448552149175013,
          0.9522213693760663,
          0.9520141267860591,
          0.9636529294712312,
          3.01303344667909,
          0.9697166728644855,
          0.9995449920733673,
          0.9546393092309315
        ],
        [
          0.957045577220653,
          0.9570893983851956,
          0.957149578003054,
          0.9567583385504644,
          0.9570995127317149,
          0.9566249508487018,
          0.9569869476627072,
          1.1156578108743962,
          0.9570480659116863,
          0.9570755355047741,
          0.959971535362805,
          0.9596008710787217,
          0.9573571954235621,
          0.9621715703946973,
          1.02423453459541,
          0.0,
          0.9569218571099444,
          0.9568115735224111,
          0.9570734293099155,
          0.9743703736930164,
          0.9585972037292964,
          0.9571451597690243,
          0.9570973537323008,
          0.9589806073168334,
          1.3063567053836522,
          0.9597535706480519,
          0.9747579216286062,
          0.9575296820452355
        ],
        [
          0.9567519731151833,
          0.9566952663124335,
          0.9567603988630079,
          1.2131541253471594,
          0.9567210631387649,
          0.9567006336264778,
          0.9567155989415194,
          0.9569005218861258,
          0.9566699493257915,
          0.9566317789471711,
          0.9584714416000596,
          0.9576240677680048,
          0.9568610387156795,
          0.9579896984451489,
          0.9538966632508126,
          0.9569218571099444,
          0.0,
          0.9565498016533625,
          0.9567132141032798,
          0.9568433183446514,
          0.9570450882184391,
          0.9567568821716208,
          0.9567249267294996,
          0.9573859192652906,
          0.9584324562319537,
          0.9575661109154538,
          2.453635996845588,
          0.9568851486626293
        ],
        [
          0.956594771251678,
          0.956537464289774,
          0.956615012240406,
          0.9562751744706168,
          0.9565501151778216,
          0.9563588096999013,
          0.9565351512827537,
          0.9567856129745723,
          1.4350468940719183,
          0.9564073249567195,
          0.9594215394929515,
          0.9577173150365074,
          0.9567739725353885,
          0.9575012990805374,
          0.9516769129678305,
          0.9568115735224111,
          0.9565498016533625,
          0.0,
          0.9565403769327387,
          0.9566478810996955,
          0.957072724305625,
          0.9566080430121976,
          0.9565583185393782,
          0.9573513384681888,
          0.957989310787907,
          0.9574909532015531,
          0.9688398362253154,
          0.9567515236655051
        ],
        [
          0.9568087569573461,
          0.9567710017575133,
          0.9568956025577742,
          0.9565118312144851,
          0.9568163999187224,
          0.9564439611309428,
          0.9567503689943484,
          0.9570470650623952,
          0.9567299114546177,
          0.9566671022039056,
          0.9596317394207184,
          1.4370803124191327,
          0.9570894320394353,
          0.9577959094040006,
          0.9521003473230366,
          0.9570734293099155,
          0.9567132141032798,
          0.9565403769327387,
          0.0,
          0.9569173718320486,
          0.9578652714461434,
          0.956889405146302,
          0.95682009414547,
          0.9577202659594131,
          0.958475513526284,
          0.9579042138164723,
          0.9691651367387653,
          0.9570447083920297
        ],
        [
          0.9569237570993482,
          0.9569193963560348,
          0.9569936762575211,
          0.9566246762629028,
          0.9569463983624664,
          0.9566691184702699,
          0.9568653599436392,
          0.9719436442124118,
          0.9568865681682581,
          0.9568650859163577,
          0.959773246575492,
          0.9605567904929045,
          0.9571976901943822,
          0.9659927646602898,
          1.0344893222160154,
          0.9743703736930164,
          0.9568433183446514,
          0.9566478810996955,
          0.9569173718320486,
          0.0,
          0.959491761179529,
          0.9569885466767892,
          0.9569391615066986,
          0.9597867685936211,
          1.3577711844084905,
          0.9611358772501648,
          0.9793580328881827,
          0.9575764632726032
        ],
        [
          0.9570763950275749,
          1.4262818722500286,
          1.1395840922151297,
          0.9567588861202307,
          0.9586680520496521,
          0.9570189746341791,
          0.957016348723292,
          0.9583603190018747,
          1.4154091555709252,
          0.9570070091057972,
          0.9600010700016894,
          2.805932510920133,
          1.4074452059187026,
          0.9730119095758276,
          1.448552149175013,
          0.9585972037292964,
          0.9570450882184391,
          0.957072724305625,
          0.9578652714461434,
          0.959491761179529,
          0.0,
          1.3417170929400537,
          1.4357202892635077,
          1.038526658741337,
          1.0369687261701601,
          1.0839439081405098,
          0.9892026083403804,
          0.9755874317320262
        ],
        [
          0.9568657279724463,
          0.9568655215815808,
          1.06015558731933,
          0.9565703141377164,
          0.9569274245041384,
          0.9564615918870636,
          0.9568068546964476,
          0.9571185056107097,
          0.9568229409745994,
          0.9567342869593267,
          0.9597271986110966,
          1.1271275246238424,
          0.957206867323336,
          0.9578744617328768,
          0.9522213693760663,
          0.9571451597690243,
          0.9567568821716208,
          0.9566080430121976,
          0.956889405146302,
          0.9569885466767892,
          1.3417170929400537,
          0.0,
          0.9571316570488053,
          0.9578169136898094,
          0.9585883272150209,
          0.9580095478183072,
          0.9693976400273625,
          0.9571217654076839
        ],
        [
          0.9568258900946429,
          0.956794921804423,
          0.9570204332976596,
          0.9565267124005035,
          0.9568351757497888,
          0.9564456393474867,
          0.9567668027207483,
          0.9570707155359475,
          0.9567513497782963,
          0.9566859322629243,
          0.9596873909860391,
          0.9582227783944053,
          0.9570558288194951,
          0.9578241550015301,
          0.9520141267860591,
          0.9570973537323008,
          0.9567249267294996,
          0.9565583185393782,
          0.95682009414547,
          0.9569391615066986,
          1.4357202892635077,
          0.9571316570488053,
          0.0,
          0.957749427452308,
          0.9585038129251927,
          0.9579345152514998,
          0.9693513372933016,
          0.9570678292599102
        ],
        [
          0.9575380920785656,
          0.9579041866439578,
          0.9578209947014881,
          0.9572672706978859,
          0.9578795546603025,
          0.9571560654553695,
          0.9574797938875317,
          0.9587637198547233,
          0.958359202251616,
          0.9575522429497241,
          0.960495029126613,
          1.043799152188231,
          0.9586581551250667,
          0.972008169699786,
          0.9636529294712312,
          0.9589806073168334,
          0.9573859192652906,
          0.9573513384681888,
          0.9577202659594131,
          0.9597867685936211,
          1.038526658741337,
          0.9578169136898094,
          0.957749427452308,
          0.0,
          1.0308978831015003,
          1.4242751833014948,
          0.9880040149758877,
          1.054024511233
        ],
        [
          0.958313562808752,
          0.9588318972992366,
          0.9585887258022298,
          0.9580322141502589,
          0.958807955232764,
          0.9594449019155277,
          0.9582615205835232,
          1.2876985952552622,
          0.9592755601046472,
          0.9595287027297547,
          0.9608776060947402,
          1.0433918608761754,
          0.9597120454843646,
          1.2336709814302698,
          3.01303344667909,
          1.3063567053836522,
          0.9584324562319537,
          0.957989310787907,
          0.958475513526284,
          1.3577711844084905,
          1.0369687261701601,
          0.9585883272150209,
          0.9585038129251927,
          1.0308978831015003,
          0.0,
          1.0760275379720132,
          1.2970632541949674,
          0.9737993276403548
        ],
        [
          0.9576893521627247,
          0.9581958055522877,
          0.958014319479525,
          0.9574146232138141,
          0.9581161291560442,
          0.9574603435135908,
          0.9576312276403689,
          0.959424369634635,
          0.9589184912981729,
          0.9577356686907021,
          0.9606458773045934,
          1.0922371463887641,
          0.9592025849999078,
          0.9802463444152422,
          0.9697166728644855,
          0.9597535706480519,
          0.9575661109154538,
          0.9574909532015531,
          0.9579042138164723,
          0.9611358772501648,
          1.0839439081405098,
          0.9580095478183072,
          0.9579345152514998,
          1.4242751833014948,
          1.0760275379720132,
          0.0,
          0.9987439869698514,
          1.4073263689103743
        ],
        [
          1.4502759057766377,
          0.9694909273966521,
          0.9693467430302196,
          1.2688669683817542,
          0.9695222554343006,
          11.198543911129182,
          1.4500119101221947,
          0.9737870685281544,
          0.9695201137015729,
          0.968978837066669,
          0.9745054211466039,
          0.9911737746063829,
          0.9699938285419618,
          1.2391721588014384,
          0.9995449920733673,
          0.9747579216286062,
          2.453635996845588,
          0.9688398362253154,
          0.9691651367387653,
          0.9793580328881827,
          0.9892026083403804,
          0.9693976400273625,
          0.9693513372933016,
          0.9880040149758877,
          1.2970632541949674,
          0.9987439869698514,
          0.0,
          0.9733567224910159
        ],
        [
          0.9569991344299984,
          0.9570642851027251,
          0.9571269521675569,
          0.9567060974980783,
          0.9570995613275616,
          0.9566096652503717,
          0.9569400629789307,
          0.957462127002982,
          0.95713507460816,
          0.956897417159558,
          0.9598932667933744,
          0.97735607790601,
          0.9574449795188558,
          0.960859752188088,
          0.9546393092309315,
          0.9575296820452355,
          0.9568851486626293,
          0.9567515236655051,
          0.9570447083920297,
          0.9575764632726032,
          0.9755874317320262,
          0.9571217654076839,
          0.9570678292599102,
          1.054024511233,
          0.9737993276403548,
          1.4073263689103743,
          0.9733567224910159,
          0.0
        ]
      ]
    },
    "region": {
      "alphabet": [
        "Africa",
        "Asia",
        "Europe",
        "North America",
        "South America",
        "?"
      ],
      "equilibrium_probabilities": [
        0.18818241166008517,
        0.17835523082554128,
        0.1843631145935631,
        0.30063503142450937,
        0.14846421149630112
      ],
      "rate": 8.692897374769872,
      "transition_matrix": [
        [
          0.0,
          0.9934637706080144,
          1.8879698638644227,
          0.8426821210909687,
          0.989270954561831
        ],
        [
          0.9934637706080144,
          0.0,
          1.811446344751678,
          1.000855579198675,
          0.9910194233386223
        ],
        [
          1.8879698638644227,
          1.811446344751678,
          0.0,
          1.1015042657211516,
          0.9443994780167282
        ],
        [
          0.8426821210909687,
          1.000855579198675,
          1.1015042657211516,
          0.0,
          2.2285796997279332
        ],
        [
          0.989270954561831,
          0.9910194233386223,
          0.9443994780167282,
          2.2285796997279332,
          0.0
        ]
      ]
    }
  },
  "nodes": {
    "DQ786572": {
      "country": "France",
      "country_confidence": {
        "France": 1.0
      },
      "country_entropy": -1.000088900581841e-12,
      "region": "Europe",
      "region_confidence": {
        "Europe": 1.0
      },
      "region_entropy": -1.000088900581841e-12
    },
    "DQ786573": {
      "country": "France",
      "country_confidence": {
        "France": 1.0
      },
      "country_entropy": -1.000088900581841e-12,
      "region": "Europe",
      "region_confidence": {
        "Europe": 1.0
      },
      "region_entropy": -1.000088900581841e-12
    },
    "FJ766331": {
      "country": "Spain",
      "country_confidence": {
        "Spain": 0.9999999999999999
      },
      "country_entropy": -9.99866855976916e-13,
      "region": "Europe",
      "region_confidence": {
        "Europe": 1.0
      },
      "region_entropy": -1.000088900581841e-12
    },
    "FJ766332": {
      "country": "Spain",
      "country_confidence": {
        "Spain": 0.9999999999999999
      },
      "country_entropy": -9.99866855976916e-13,
      "region": "Europe",
      "region_confidence": {
        "Europe": 1.0
      },
      "region_entropy": -1.000088900581841e-12
    },
    "GQ379156": {
      "country": "United States (USA)",
      "country_confidence": {
        "United States (USA)": 0.9999999999999999
      },
      "country_entropy": -9.99866855976916e-13,
      "region": "North America",
      "region_confidence": {
        "North America": 1.0
      },
      "region_entropy": -1.000088900581841e-12
    },
    "GQ379157": {
      "country": "United States (USA)",
      "country_confidence": {
        "United States (USA)": 1.0
      },
      "country_entropy": -1.000088900581841e-12,
      "region": "North America",
      "region_confidence": {
        "North America": 1.0
      },
      "region_entropy": -1.000088900581841e-12
    },
    "GQ379158": {
      "country": "United States (USA)",
      "country_confidence": {
        "United States (USA)": 1.0
      },
      "country_entropy": -1.000088900581841e-12,
      "region": "North America",
      "region_confidence": {
        "North America": 1.0
      },
      "region_entropy": -1.000088900581841e-12
    },
    "GQ379159": {
      "country": "United States (USA)",
      "country_confidence": {
        "United States (USA)": 1.0
      },
      "country_entropy": -1.000088900581841e-12,
      "region": "North America",
      "region_confidence": {
        "North America": 0.9999999999999999
      },
      "region_entropy": -9.99866855976916e-13
    },
    "GQ379160": {
      "country": "Argentina",
      "country_confidence": {
        "Argentina": 0.9999999999999999
      },
      "country_entropy": -9.99866855976916e-13,
      "region": "South America",
      "region_confidence": {
        "South America": 1.0
      },
      "region_entropy": -1.000088900581841e-12
    },
    "GQ507468": {
      "country": "United States (USA)",
      "country_confidence": {
        "United States (USA)": 1.0
      },
      "country_entropy": -1.000088900581841e-12,
      "region": "North America",
      "region_confidence": {
        "North America": 1.0
      },
      "region_entropy": -1.000088900581841e-12
    },
    "GQ507469": {
      "country": "United States (USA)",
      "country_confidence": {
        "United States (USA)": 1.0
      },
      "country_entropy": -1.000088900581841e-12,
      "region": "North America",
      "region_confidence": {
        "North America": 0.9999999999999999
      },
      "region_entropy": -9.99866855976916e-13
    },
    "GQ507470": {
      "country": "United States (USA)",
      "country_confidence": {
        "United States (USA)": 1.0
      },
      "country_entropy": -1.000088900581841e-12,
      "region": "North America",
      "region_confidence": {
        "North America": 0.9999999999999999
      },
      "region_entropy": -9.99866855976916e-13
    },
    "GQ507471": {
      "country": "United States (USA)",
      "country_confidence": {
        "United States (USA)": 1.0
      },
      "country_entropy": -1.000088900581841e-12,
      "region": "North America",
      "region_confidence": {
        "North America": 0.9999999999999999
      },
      "region_entropy": -9.99866855976916e-13
    },
    "GQ507472": {
      "country": "United States (USA)",
      "country_confidence": {
        "United States (USA)": 1.0
      },
      "country_entropy": -1.000088900581841e-12,
      "region": "North America",
      "region_confidence": {
        "North America": 1.0
      },
      "region_entropy": -1.000088900581841e-12
    },
    "GQ507473": {
      "country": "United States (USA)",
      "country_confidence": {
        "United States (USA)": 0.9999999999999999
      },
      "country_entropy": -9.99866855976916e-13,
      "region": "North America",
      "region_confidence": {
        "North America": 0.9999999999999999
      },
      "region_entropy": -9.99866855976916e-13
    },
    "GQ507474": {
      "country": "United States (USA)",
      "country_confidence": {
        "United States (USA)": 1.0
      },
      "country_entropy": -1.000088900581841e-12,
      "region": "North America",
      "region_confidence": {
        "North America": 0.9999999999999999
      },
      "region_entropy": -9.99866855976916e-13
    },
    "GQ507475": {
      "country": "United States (USA)",
      "country_confidence": {
        "United States (USA)": 1.0
      },
      "country_entropy": -1.000088900581841e-12,
      "region": "North America",
      "region_confidence": {
        "North America": 0.9999999999999999
      },
      "region_entropy": -9.99866855976916e-13
    },
    "GQ507476": {
      "country": "United States (USA)",
      "country_confidence": {
        "United States (USA)": 0.9999999999999999
      },
      "country_entropy": -9.99866855976916e-13,
      "region": "North America",
      "region_confidence": {
        "North America": 1.0
      },
      "region_entropy": -1.000088900581841e-12
    },
    "GQ507477": {
      "country": "United States (USA)",
      "country_confidence": {
        "United States (USA)": 1.0
      },
      "country_entropy": -1.000088900581841e-12,
      "region": "North America",
      "region_confidence": {
        "North America": 0.9999999999999999
      },
      "region_entropy": -9.99866855976916e-13
    },
    "GQ507478": {
      "country": "United States (USA)",
      "country_confidence": {
        "United States (USA)": 1.0
      },
      "country_entropy": -1.000088900581841e-12,
      "region": "North America",
      "region_confidence": {
        "North America": 0.9999999999999999
      },
      "region_entropy": -9.99866855976916e-13
    },
    "GQ507479": {
      "country": "United States (USA)",
      "country_confidence": {
        "United States (USA)": 1.0
      },
      "country_entropy": -1.000088900581841e-12,
      "region": "North America",
      "region_confidence": {
        "North America": 1.0
      },
      "region_entropy": -1.000088900581841e-12
    },
    "GQ507480": {
      "country": "United States (USA)",
      "country_confidence": {
        "United States (USA)": 0.9999999999999999
      },
      "country_entropy": -9.99866855976916e-13,
      "region": "North America",
      "region_confidence": {
        "North America": 1.0
      },
      "region_entropy": -1.000088900581841e-12
    },
    "GQ507481": {
      "country": "United States (USA)",
      "country_confidence": {
        "United States (USA)": 1.0
      },
      "country_entropy": -1.000088900581841e-12,
      "region": "North America",
      "region_confidence": {
        "North America": 1.0
      },
      "region_entropy": -1.000088900581841e-12
    },
    "GQ507482": {
      "country": "United States (USA)",
      "country_confidence": {
        "United States (USA)": 1.0
      },
      "country_entropy": -1.000088900581841e-12,
      "region": "North America",
      "region_confidence": {
        "North America": 1.0
      },
      "region_entropy": -1.000088900581841e-12
    },
    "GQ507483": {
      "country": "United States (USA)",
      "country_confidence": {
        "United States (USA)": 1.0
      },
      "country_entropy": -1.000088900581841e-12,
      "region": "North America",
      "region_confidence": {
        "North America": 0.9999999999999999
      },
      "region_entropy": -9.99866855976916e-13
    },
    "GQ507484": {
      "country": "United States (USA)",
      "country_confidence": {
        "United States (USA)": 1.0
      },
      "country_entropy": -1.000088900581841e-12,
      "region": "North America",
      "region_confidence": {
        "North America": 0.9999999999999999
      },
      "region_entropy": -9.99866855976916e-13
    },
    "JF703161": {
      "country": "United States (USA)",
      "country_confidence": {
        "United States (USA)": 0.9999999999999999
      },
      "country_entropy": -9.99866855976916e-13,
      "region": "North America",
      "region_confidence": {
        "North America": 1.0
      },
      "region_entropy": -1.000088900581841e-12
    },
    "JF703162": {
      "country": "United States (USA)",
      "country_confidence": {
        "United States (USA)": 1.0
      },
      "country_entropy": -1.000088900581841e-12,
      "region": "North America",
      "region_confidence": {
        "North America": 1.0
      },
      "region_entropy": -1.000088900581841e-12
    },
    "JF703163": {
      "country": "United States (USA)",
      "country_confidence": {
        "United States (USA)": 1.0
      },
      "country_entropy": -1.000088900581841e-12,
      "region": "North America",
      "region_confidence": {
        "North America": 1.0
      },
      "region_entropy": -1.000088900581841e-12
    },
    "JF719065": {
      "country": "Italy",
      "country_confidence": {
        "Italy": 1.0
      },
      "country_entropy": -1.000088900581841e-12,
      "region": "Europe",
      "region_confidence": {
        "Europe": 1.0
      },
      "region_entropy": -1.000088900581841e-12
    },
    "JF719066": {
      "country": "Italy",
      "country_confidence": {
        "Italy": 1.0
      },
      "country_entropy": -1.000088900581841e-12,
      "region": "Europe",
      "region_confidence": {
        "Europe": 1.0
      },
      "region_entropy": -1.000088900581841e-12
    },
    "JF719067": {
      "country": "Italy",
      "country_confidence": {
        "Italy": 1.0
      },
      "country_entropy": -1.000088900581841e-12,
      "region": "Europe",
      "region_confidence": {
        "Europe": 1.0
      },
      "region_entropy": -1.000088900581841e-12
    },
    "JF719068": {
      "country": "Italy",
      "country_confidence": {
        "Italy": 1.0
      },
      "country_entropy": -1.000088900581841e-12,
      "region": "Europe",
      "region_confidence": {
        "Europe": 1.0
      },
      "region_entropy": -1.000088900581841e-12
    },
    "JF719069": {
      "country": "Spain",
      "country_confidence": {
        "Spain": 0.9999999999999999
      },
      "country_entropy": -9.99866855976916e-13,
      "region": "Europe",
      "region_confidence": {
        "Europe": 1.0
      },
      "region_entropy": -1.000088900581841e-12
    },
    "JN051152": {
      "country": "Mexico",
      "country_confidence": {
        "Mexico": 1.0
      },
      "country_entropy": -1.000088900581841e-12,
      "region": "North America",
      "region_confidence": {
        "North America": 1.0
      },
      "region_entropy": -1.000088900581841e-12
    },
    "JN051153": {
      "country": "Mexico",
      "country_confidence": {
        "Mexico": 0.9999999999999999
      },
      "country_entropy": -9.99866855976916e-13,
      "region": "North America",
      "region_confidence": {
        "North America": 1.0
      },
      "region_entropy": -1.000088900581841e-12
    },
    "JN393308": {
      "country": "South Africa",
      "country_confidence": {
        "South Africa": 0.9999999999999999
      },
      "country_entropy": -9.99866855976916e-13,
      "region": "Africa",
      "region_confidence": {
        "Africa": 1.0
      },
      "region_entropy": -1.000088900581841e-12
    },
    "JN716371": {
      "country": "Colombia",
      "country_confidence": {
        "Colombia": 1.0
      },
      "country_entropy": -1.000088900581841e-12,
      "region": "South America",
      "region_confidence": {
        "South America": 1.0
      },
      "region_entropy": -1.000088900581841e-12
    },
    "JN716372": {
      "country": "Colombia",
      "country_confidence": {
        "Colombia": 1.0
      },
      "country_entropy": -1.000088900581841e-12,
      "region": "South America",
      "region_confidence": {
        "South America": 1.0
      },
      "region_entropy": -1.000088900581841e-12
    },
    "JN858069": {
      "country": "Italy",
      "country_confidence": {
        "Italy": 0.9999999999999999
      },
      "country_entropy": -9.99866855976916e-13,
      "region": "Europe",
      "region_confidence": {
        "Europe": 0.9999999999999999
      },
      "region_entropy": -9.99866855976916e-13
    },
    "JN858070": {
      "country": "Italy",
      "country_confidence": {
        "Italy": 1.0
      },
      "country_entropy": -1.000088900581841e-12,
      "region": "Europe",
      "region_confidence": {
        "Europe": 1.0
      },
      "region_entropy": -1.000088900581841e-12
    },
    "JQ928174": {
      "country": "Italy",
      "country_confidence": {
        "Italy": 1.0
      },
