Map from character to field name
A:	Africa
B:	Asia
C:	Europe
D:	North America
E:	Oceania
F:	South America
G:	?


Substitution rate (mu): 44.881267

Equilibrium frequencies (pi_i):
  A: 0.1718
  B: 0.1973
  C: 0.2084
  D: 0.1754
  E: 0.1683
  F: 0.0787

Symmetrized rates from j->i (W_ij):
	A	B	C	D	E	F
  A	0	0.5335	0.8183	0.5425	0.5447	1.1128
  B	0.5335	0	0.7976	3.8934	0.8004	1.5292
  C	0.8183	0.7976	0	1.354	0.5453	1.1271
  D	0.5425	3.8934	1.354	0	0.5422	5.5773
  E	0.5447	0.8004	0.5453	0.5422	0	0.5625
  F	1.1128	1.5292	1.1271	5.5773	0.5625	0

Actual rates from j->i (Q_ij):
	A	B	C	D	E	F
  A	0	0.0917	0.1406	0.0932	0.0936	0.1912
  B	0.1053	0	0.1574	0.7682	0.1579	0.3017
  C	0.1706	0.1662	0	0.2822	0.1137	0.2349
  D	0.0951	0.6828	0.2375	0	0.0951	0.9781
  E	0.0917	0.1347	0.0918	0.0913	0	0.0947
  F	0.0876	0.1204	0.0887	0.4391	0.0443	0
