{
  "generated_by": {
    "program": "augur",
    "version": "25.2.0"
  },
  "models": {
    "country": {
      "alphabet": [
        "Angola",
        "Argentina",
        "Australia",
        "Brazil",
        "Cambodia",
        "Cape Verde",
        "China",
        "Colombia",
        "Cuba",
        "Dominican Republic",
        "Ecuador",
        "El Salvador",
        "France",
        "Guatemala",
        "Haiti",
        "Honduras",
        "Italy",
        "Jamaica",
        "Japan",
        "Mexico",
        "Nicaragua",
        "Panama",
        "Peru",
        "Portugal",
        "Russian Federation",
        "Singapore",
        "Suriname",
        "Taiwan",
        "Thailand",
        "Trinidad and Tobago",
        "United Kingdom",
        "United States (USA)",
        "Venezuela",
        "Viet nam",
        "?"
      ],
      "equilibrium_probabilities": [
        0.02939104131573665,
        0.029516258166342495,
        0.031070022302674527,
        0.025701692753098367,
        0.030801280300825136,
        0.029411815716003323,
        0.02526846126291777,
        0.027012766291102455,
        0.030565828731800162,
        0.026528246495540787,
        0.031074517555022108,
        0.030313449538517896,
        0.030825585999343152,
        0.029651753474886588,
        0.02919358765271688,
        0.024398844784323193,
        0.028773411976668627,
        0.03239588644064787,
        0.03248372870337217,
        0.026409794355608657,
        0.022427923553271528,
        0.030485225804348735,
        0.031065866224022926,
        0.03167691701372661,
        0.03201397211054408,
        0.03152955260435908,
        0.02775359293939484,
        0.030816063605898524,
        0.030323078959708906,
        0.030017677919320994,
        0.031324666213476945,
        0.0292993322653777,
        0.02964457143293396,
        0.030833585536466344
      ],
      "rate": 174.97369064060595,
      "transition_matrix": [
        [
          0.0,
          0.9350270438993977,
          0.9360743194690867,
          1.449392491270677,
          0.9349549947284678,
          0.9347781879116808,
          0.9443935132379047,
          0.9360833200999719,
          0.9339939070952525,
          0.9355958872311282,
          0.9348617547862742,
          0.9348486264216754,
          0.9349210207075079,
          0.9348747590074178,
          0.9345471796093024,
          0.9462646249503127,
          0.9348611059775742,
          0.9349981569839187,
          0.9360562385009933,
          0.9349271708441689,
          0.9358064915909221,
          0.9347304368226549,
          0.9348756423151278,
          1.4043761225474267,
          0.9349681866299734,
          0.932589126885715,
          0.9369668078235737,
          0.9349939857535711,
          0.9506894151627263,
          0.9350435089490862,
          0.9350266200995141,
          0.9967839248091083,
          0.9348219625488927,
          0.9348853223477994
        ],
        [
          0.9350270438993977,
          0.0,
          0.9362846198898145,
          1.3470713190608652,
          0.9351624748017588,
          0.9350187929101361,
          0.9447156203978986,
          0.936669108167101,
          0.9343277020756835,
          0.9360043636973862,
          0.9350718948477997,
          0.9350539726165522,
          0.9351284556988843,
          0.9350781475955916,
          0.9348252721433199,
          0.946600430762826,
          0.9351996955156362,
          0.9352180905969254,
          0.9362768005729268,
          0.9352446233057652,
          0.9361716045996635,
          0.9349364316679108,
          0.9350857927681923,
          0.9351629035307469,
          0.9352316820108821,
          0.9328321307955854,
          0.9372450327342972,
          0.9352007619978454,
          0.9509537510133219,
          1.073588670868707,
          0.935239024569987,
          1.2015407823675202,
          0.9350650534933483,
          0.9350924390798413
        ],
        [
          0.9360743194690867,
          0.9362846198898145,
          0.0,
          1.046379020137243,
          0.9362980712883449,
          0.9360666273006121,
          1.2586320637143538,
          0.9374065743446915,
          0.9353177918402574,
          0.9369944792801724,
          0.9361622197292531,
          0.9361211994172794,
          0.9362623249564725,
          0.9361315590600406,
          0.935898596445542,
          0.9480241147760404,
          0.9361842757903681,
          0.9363577425830708,
          1.269045482986428,
          0.936090743376357,
          0.9369261742592906,
          0.9360014764303962,
          0.9361765951143362,
          0.9362764332211702,
          0.9363725332951293,
          0.9339482308220683,
          0.9383732880650718,
          0.9363858180784467,
          1.0095996845607265,
          0.9363006462554246,
          0.9363443015009962,
          1.002238534524194,
          0.9361230545747439,
          0.9364658976180068
        ],
        [
          1.449392491270677,
          1.3470713190608652,
          1.046379020137243,
          0.0,
          0.9686016714455151,
          1.4493682666754286,
          3.0616287368090496,
          1.9369498750315124,
          1.6189301801889826,
          1.560916993658189,
          0.9687030505035634,
          0.9679105354515491,
          0.9685953849624547,
          0.9675766844977278,
          1.9361128577254805,
          1.0164686773453386,
          1.9346946409659118,
          0.9705321408928993,
          1.0419834370730963,
          0.9939958283263854,
          1.9207316489943136,
          0.9679423284203552,
          0.9687027257047379,
          0.9712770356773458,
          1.4534197823802644,
          1.4490758075589152,
          1.932057995803842,
          0.9688075144844752,
          1.205500253761609,
          1.1421624295110036,
          0.9697267886760291,
          2.39463266268898,
          1.4505212312226237,
          0.9692787242609212
        ],
        [
          0.9349549947284678,
          0.9351624748017588,
          0.9362980712883449,
          0.9686016714455151,
          0.0,
          0.9349469219828785,
          0.9449735177604942,
          0.9362974249134488,
          0.9341070357918675,
          0.9357576576095091,
          0.9350429820042998,
          0.9350276426222768,
          0.9351142914078451,
          0.935052096975473,
          0.9346946682382693,
          0.9469764343688745,
          0.9350269590878812,
          0.9351887072833402,
          0.9362832232696975,
          0.9350872816967416,
          0.9359375817561317,
          0.9349040323831883,
          0.9350575103915812,
          0.9351349573275491,
          0.9351512262947729,
          0.9326773620546764,
          0.9372314908117281,
          0.935200417561257,
          1.4317554827354861,
          0.9351845093791994,
          0.9352144232692304,
          0.9999612293771893,
          0.9349933896367624,
          0.9350776364386644
        ],
        [
          0.9347781879116808,
          0.9350187929101361,
          0.9360666273006121,
          1.4493682666754286,
          0.9349469219828785,
          0.0,
          0.9443906014324349,
          0.9360756381817507,
          0.9339840885997696,
          0.9355886897453516,
          0.934853506622896,
          0.9348406046381127,
          0.9349129195064861,
          0.9348668750455515,
          0.9345377933481651,
          0.9462661923793668,
          0.9348520976691285,
          0.9349895735464507,
          0.9360480889649327,
          0.9349199729757803,
          0.9358006116575596,
          0.9347222844730055,
          0.9348674061121105,
          0.9349403487089475,
          0.9349588755848232,
          0.9325784633972786,
          0.9369596380250637,
          0.9349859583738233,
          0.9506879525936752,
          0.9350353798420359,
          0.9350183561230859,
          0.9968188183227854,
          0.9348133848816871,
          0.934877182671251
        ],
        [
          0.9443935132379047,
          0.9447156203978986,
          1.2586320637143538,
          3.0616287368090496,
          0.9449735177604942,
          0.9443906014324349,
          0.0,
          0.9450458142364263,
          1.0369442634516817,
          1.2805434945618663,
          0.9448349226647926,
          0.9445837699676901,
          0.9449476616125023,
          0.9444963212819008,
          0.9695049969550338,
          0.9528646337900044,
          0.9445357478860282,
          0.9454908440652123,
          1.2384955574831409,
          0.9538247027858328,
          1.4038251763689393,
          0.9445264972092505,
          0.9448441351354349,
          0.9451125605267723,
          0.9456153062505586,
          0.943539136417957,
          0.9459329849067054,
          0.9451521866746286,
          1.8395367303168149,
          0.9448190017453981,
          0.9450972465895282,
          1.0396470824797972,
          0.9445132378160012,
          0.9462345413381078
        ],
        [
          0.9360833200999719,
          0.936669108167101,
          0.9374065743446915,
          1.9369498750315124,
          0.9362974249134488,
          0.9360756381817507,
          0.9450458142364263,
          0.0,
          1.4030725597859817,
          1.4074397999567854,
          1.4054195385403545,
          0.9361849315233071,
          0.9362671327361886,
          0.936291856142439,
          1.4060675498358395,
          0.9470969082303369,
          0.9364403824211954,
          0.9364415149333599,
          0.937464387456194,
          1.2857512403933555,
          0.9394073876809769,
          1.8780043010993257,
          1.4048532993356915,
          0.9363411686325861,
          0.9367184649432,
          0.9341598975332513,
          0.9380261860036085,
          0.9363301306562073,
          0.9511267211911906,
          0.9367952970999582,
          0.9365352263862797,
          2.570537446629136,
          1.406400302971401,
          0.9362359367446759
        ],
        [
          0.9339939070952525,
          0.9343277020756835,
          0.9353177918402574,
          1.6189301801889826,
          0.9341070357918675,
          0.9339840885997696,
          1.0369442634516817,
          1.4030725597859817,
          0.0,
          3.3955275978865207,
          0.9340074212120547,
          0.9340480945542877,
          0.9340709046063427,
          1.2628587996295817,
          1.256543680137635,
          0.946754388352017,
          0.9344329477313716,
          0.9365803018820514,
          0.9353203037728745,
          0.9425366727253639,
          1.2235934255281624,
          0.9338942697730628,
          0.9340222956770659,
          0.9340750145259292,
          1.1019160427613992,
          1.3985680020085947,
          1.40642207855182,
          0.9341464201519886,
          0.9508323873423802,
          0.9343152180480331,
          1.1866418401805205,
          1.5029083419315201,
          0.9340275021098173,
          0.9340349004287145
        ],
        [
          0.9355958872311282,
          0.9360043636973862,
          0.9369944792801724,
          1.560916993658189,
          0.9357576576095091,
          0.9355886897453516,
          1.2805434945618663,
          1.4074397999567854,
          3.3955275978865207,
          0.0,
          0.9356884855613716,
          0.9356466372436306,
          0.9357276531379917,
          0.9358525019394854,
          0.9938171823735592,
          0.9461335073994165,
          1.7394420601033194,
          2.346243371758722,
          1.4059947140934443,
          0.9361274027644964,
          0.9367088039902361,
          0.9355552277684357,
          0.9357009159721322,
          0.9357831813923458,
          2.774156583225262,
          0.9337495425534207,
          0.9376339563955688,
          0.9357924103650302,
          0.9504922097511801,
          0.9360235489021747,
          0.9816242110052144,
          2.3916281388485108,
          0.9356417312714557,
          0.93570256396882
        ],
        [
          0.9348617547862742,
          0.9350718948477997,
          0.9361622197292531,
          0.9687030505035634,
          0.9350429820042998,
          0.934853506622896,
          0.9448349226647926,
          1.4054195385403545,
          0.9340074212120547,
          0.9356884855613716,
          0.0,
          0.934931442488646,
          0.9350070259140781,
          0.9349598847151235,
          0.9346063530793132,
          0.9470095675388601,
          0.9349375557392163,
          0.9350858112336753,
          0.9361452436433799,
          0.9351136542336179,
          0.9358819256246452,
          0.934815975121156,
          0.9349634365804165,
          0.9350343683099819,
          0.9350499038790511,
          0.9325352671485095,
          0.9371645516913132,
          0.9350840879709456,
          0.9514326403151081,
          0.9350925900623613,
          0.9351175361015172,
          1.0008934462719643,
          0.9349044058465293,
          0.9349681909798128
        ],
        [
          0.9348486264216754,
          0.9350539726165522,
          0.9361211994172794,
          0.9679105354515491,
          0.9350276426222768,
          0.9348406046381127,
          0.9445837699676901,
          0.9361849315233071,
          0.9340480945542877,
          0.9356466372436306,
          0.934931442488646,
          0.0,
          0.9349925904897328,
          0.9350010876051003,
          0.9345948644607214,
          0.9467884272566166,
          0.9349216364013879,
          0.9350718147965428,
          0.9361067325261615,
          0.9438344351635757,
          1.399886247916919,
          0.9347960519150237,
          0.9349457712405955,
          0.9350205924797445,
          0.9350380246905856,
          0.9325822770948176,
          0.9370923111175797,
          0.9350677563381418,
          0.9510471620648625,
          0.9350750962855909,
          0.9351015298273782,
          0.9988252956326112,
          0.9348858008224905,
          0.9349548194779024
        ],
        [
          0.9349210207075079,
          0.9351284556988843,
          0.9362623249564725,
          0.9685953849624547,
          0.9351142914078451,
          0.9349129195064861,
          0.9449476616125023,
          0.9362671327361886,
          0.9340709046063427,
          0.9357276531379917,
          0.9350070259140781,
          0.9349925904897328,
          0.0,
          0.9350177428944767,
          0.9346606758099607,
          0.9469572331421867,
          0.9349937583148763,
          0.9351512299199123,
          0.9362457531056587,
          0.9350571034879526,
          0.9359124146420875,
          0.9348686919447978,
          0.9350215750107647,
          0.9350983325936846,
          0.9351141681833924,
          0.9326320699113559,
          0.9372011463390152,
          0.9351578993834481,
          1.4220232294893933,
          0.9351498894950482,
          0.9351782431830279,
          0.9999767261962685,
          0.9349591293116801,
          0.9350389305694955
        ],
        [
          0.9348747590074178,
          0.9350781475955916,
          0.9361315590600406,
          0.9675766844977278,
          0.935052096975473,
          0.9348668750455515,
          0.9444963212819008,
          0.936291856142439,
          1.2628587996295817,
          0.9358525019394854,
          0.9349598847151235,
          0.9350010876051003,
          0.9350177428944767,
          0.0,
          0.9346914699241696,
          0.947422391967105,
          0.9349464906513857,
          0.9351016881408548,
          0.9361209738662869,
          1.1496692471293286,
          2.119162017685988,
          0.9348260501004655,
          0.9349738945014671,
          0.9350486105221114,
          0.9351313460268802,
          0.932705237421182,
          0.937108487304993,
          0.9350902857421687,
          0.9509455933340022,
          0.9351006483431489,
          0.935185733321815,
          0.9978859374427212,
          0.9349119484905941,
          0.9349814629669104
        ],
        [
          0.9345471796093024,
          0.9348252721433199,
          0.935898596445542,
          1.9361128577254805,
          0.9346946682382693,
          0.9345377933481651,
          0.9695049969550338,
          1.4060675498358395,
          1.256543680137635,
          0.9938171823735592,
          0.9346063530793132,
          0.9345948644607214,
          0.9346606758099607,
          0.9346914699241696,
          0.0,
          0.9459958950844267,
          0.9346558910009815,
          0.9347697013362887,
          0.9358767433252986,
          0.934822430886542,
          0.9357453571432693,
          0.934486319087984,
          0.9346203777926104,
          0.934683431481981,
          0.9348881306042174,
          0.9323987643775006,
          0.9367833816278337,
          0.9347320575483943,
          0.9506967518016621,
          0.9348331578790828,
          1.2780161429324122,
          0.9976877018381203,
          0.9345880248319954,
          0.9346265729707768
        ],
        [
          0.9462646249503127,
          0.946600430762826,
          0.9480241147760404,
          1.0164686773453386,
          0.9469764343688745,
          0.9462661923793668,
          0.9528646337900044,
          0.9470969082303369,
          0.946754388352017,
          0.9461335073994165,
          0.9470095675388601,
          0.9467884272566166,
          0.9469572331421867,
          0.947422391967105,
          0.9459958950844267,
          0.0,
          0.9461917971334076,
          0.9476679634133605,
          0.9485907860598728,
          1.0405607539429709,
          8.808210988248161,
          0.946657301709951,
          0.9470179029059652,
          0.9473296931083051,
          0.9475139548605743,
          0.9452663178565923,
          0.9474538867295518,
          0.9470151015261016,
          0.960499971009007,
          0.9468759718911509,
          0.947258964440212,
          1.547724641294201,
          0.9463993002544852,
          0.9469309367464434
        ],
        [
          0.9348611059775742,
          0.9351996955156362,
          0.9361842757903681,
          1.9346946409659118,
          0.9350269590878812,
          0.9348520976691285,
          0.9445357478860282,
          0.9364403824211954,
          0.9344329477313716,
          1.7394420601033194,
          0.9349375557392163,
          0.9349216364013879,
          0.9349937583148763,
          0.9349464906513857,
          0.9346558910009815,
          0.9461917971334076,
          0.0,
          0.9351814032247313,
          0.9362053606209167,
          0.9350844797442636,
          0.9359775224426415,
          0.9348069174291356,
          0.934951119006177,
          0.9350253711447679,
          0.9352004257274968,
          0.9327162319177564,
          0.9369936950316655,
          0.9350647607212079,
          0.9506776390883295,
          0.9352198664533861,
          0.9351215008948961,
          1.314466617539177,
          0.9348962231185254,
          0.9349599285076413
        ],
        [
          0.9349981569839187,
          0.9352180905969254,
          0.9363577425830708,
          0.9705321408928993,
          0.9351887072833402,
          0.9349895735464507,
          0.9454908440652123,
          0.9364415149333599,
          0.9365803018820514,
          2.346243371758722,
          0.9350858112336753,
          0.9350718147965428,
          0.9351512299199123,
          0.9351016881408548,
          0.9347697013362887,
          0.9476679634133605,
          0.9351814032247313,
          0.0,
          0.9363569733270128,
          0.9351538487388854,
          0.9360555018932905,
          0.934941486075295,
          0.9351011318998967,
          0.9351807001863528,
          0.9359294556978239,
          0.93257581681408,
          0.937398648556019,
          0.9352315973508927,
          0.9523148355207446,
          0.9352401095202094,
          0.9353069165413457,
          1.0051734930015463,
          0.9350378490393932,
          0.9351109443153043
        ],
        [
          0.9360562385009933,
          0.9362768005729268,
          1.269045482986428,
          1.0419834370730963,
          0.9362832232696975,
          0.9360480889649327,
          1.2384955574831409,
          0.937464387456194,
          0.9353203037728745,
          1.4059947140934443,
          0.9361452436433799,
          0.9361067325261615,
          0.9362457531056587,
          0.9361209738662869,
          0.9358767433252986,
          0.9485907860598728,
          0.9362053606209167,
          0.9363569733270128,
          0.0,
          0.936096655786138,
          0.9369792398396013,
          0.935980705839487,
          0.936160327711348,
          0.936261006974967,
          0.937712252686892,
          0.9338065234707741,
          0.938463330191132,
          0.9363693090136785,
          1.0052825944540424,
          0.9362933491077456,
          0.9363476176872602,
          1.0054750845081148,
          0.9361055700776348,
          1.4036705223299775
        ],
        [
          0.9349271708441689,
          0.9352446233057652,
          0.936090743376357,
          0.9939958283263854,
          0.9350872816967416,
          0.9349199729757803,
          0.9538247027858328,
          1.2857512403933555,
          0.9425366727253639,
          0.9361274027644964,
          0.9351136542336179,
          0.9438344351635757,
          0.9350571034879526,
          1.1496692471293286,
          0.934822430886542,
          1.0405607539429709,
          0.9350844797442636,
          0.9351538487388854,
          0.936096655786138,
          0.0,
          6.680103963495895,
          0.9350876626067459,
          0.9351264319297664,
          0.935096855385684,
          1.8712147004666069,
          0.9329726270087212,
          0.9368727072622481,
          0.9351191397439993,
          0.9487075237732633,
          0.9352879028485027,
          0.9351706404375859,
          1.794502664764318,
          0.9350611474676828,
          0.935023783971557
        ],
        [
          0.9358064915909221,
          0.9361716045996635,
          0.9369261742592906,
          1.9207316489943136,
          0.9359375817561317,
          0.9358006116575596,
          1.4038251763689393,
          0.9394073876809769,
          1.2235934255281624,
          0.9367088039902361,
          0.9358819256246452,
          1.399886247916919,
          0.9359124146420875,
          2.119162017685988,
          0.9357453571432693,
          8.808210988248161,
          0.9359775224426415,
          0.9360555018932905,
          0.9369792398396013,
          6.680103963495895,
          0.0,
          0.9357524705432538,
          0.9358921758028113,
          0.9359786369853671,
          0.9362491189961444,
          0.9342882853332791,
          0.937502774358228,
          0.935966999471818,
          0.949220722685831,
          0.9361765074505005,
          0.9360729465368829,
          2.4600492195490906,
          0.9358478506099935,
          0.9358893549466997
        ],
        [
          0.9347304368226549,
          0.9349364316679108,
          0.9360014764303962,
          0.9679423284203552,
          0.9349040323831883,
          0.9347222844730055,
          0.9445264972092505,
          1.8780043010993257,
          0.9338942697730628,
          0.9355552277684357,
          0.934815975121156,
          0.9347960519150237,
          0.9348686919447978,
          0.9348260501004655,
          0.934486319087984,
          0.946657301709951,
          0.9348069174291356,
          0.934941486075295,
          0.935980705839487,
          0.9350876626067459,
          0.9357524705432538,
          0.0,
          0.9348306342885826,
          0.9348930301766468,
          0.9349075913739627,
          0.9324423980511571,
          0.9369937644505054,
          0.9349443058555995,
          0.9509917811255372,
          0.9349553792667413,
          0.9349758145022121,
          1.0007252865852423,
          0.9347771993178885,
          0.9348306199234416
        ],
        [
          0.9348756423151278,
          0.9350857927681923,
          0.9361765951143362,
          0.9687027257047379,
          0.9350575103915812,
          0.9348674061121105,
          0.9448441351354349,
          1.4048532993356915,
          0.9340222956770659,
          0.9357009159721322,
          0.9349634365804165,
          0.9349457712405955,
          0.9350215750107647,
          0.9349738945014671,
          0.9346203777926104,
          0.9470179029059652,
          0.934951119006177,
          0.9351011318998967,
          0.936160327711348,
          0.9351264319297664,
          0.9358921758028113,
          0.9348306342885826,
          0.0,
          0.9350493432027066,
          0.9350650448754718,
          0.9325507587430256,
          0.9371770531391777,
          0.9350986039661743,
          0.9514422658097492,
          0.9351067290387137,
          0.93513231336062,
          1.000890336167847,
          0.9349185830732737,
          0.9349827519759892
        ],
        [
          1.4043761225474267,
          0.9351629035307469,
          0.9362764332211702,
          0.9712770356773458,
          0.9351349573275491,
          0.9349403487089475,
          0.9451125605267723,
          0.9363411686325861,
          0.9340750145259292,
          0.9357831813923458,
          0.9350343683099819,
          0.9350205924797445,
          0.9350983325936846,
          0.9350486105221114,
          0.934683431481981,
          0.9473296931083051,
          0.9350253711447679,
          0.9351807001863528,
          0.936261006974967,
          0.935096855385684,
          0.9359786369853671,
          0.9348930301766468,
          0.9350493432027066,
          0.0,
          0.9351439086263488,
          0.9325797078707637,
          0.9372947891800009,
          0.9351768778514108,
          0.9518419445963546,
          0.9351843878436112,
          0.9352115702720664,
          1.001938675385052,
          0.9349875173380143,
          0.9350587346226644
        ],
        [
          0.9349681866299734,
          0.9352316820108821,
          0.9363725332951293,
          1.4534197823802644,
          0.9351512262947729,
          0.9349588755848232,
          0.9456153062505586,
          0.9367184649432,
          1.1019160427613992,
          2.774156583225262,
          0.9350499038790511,
          0.9350380246905856,
          0.9351141681833924,
          0.9351313460268802,
          0.9348881306042174,
          0.9475139548605743,
          0.9352004257274968,
          0.9359294556978239,
          0.937712252686892,
          1.8712147004666069,
          0.9362491189961444,
          0.9349075913739627,
          0.9350650448754718,
          0.9351439086263488,
          0.0,
          0.9325880772638331,
          0.9373607499195715,
          0.9351934373272257,
          0.9523382148645444,
          0.9352494353290809,
          0.9353673732149941,
          1.0045589862166524,
          0.9350066061657147,
          0.9350758799655433
        ],
        [
          0.932589126885715,
          0.9328321307955854,
          0.9339482308220683,
          1.4490758075589152,
          0.9326773620546764,
          0.9325784633972786,
          0.943539136417957,
          0.9341598975332513,
          1.3985680020085947,
          0.9337495425534207,
          0.9325352671485095,
          0.9325822770948176,
          0.9326320699113559,
          0.932705237421182,
          0.9323987643775006,
          0.9452663178565923,
          0.9327162319177564,
          0.93257581681408,
          0.9338065234707741,
          0.9329726270087212,
          0.9342882853332791,
          0.9324423980511571,
          0.9325507587430256,
          0.9325797078707637,
          0.9325880772638331,
          0.0,
          0.9350563750168905,
          0.9344282727005261,
          1.8942975147223677,
          0.9328090642356505,
          0.9327376812606691,
          0.99908140119569,
          0.9326065654238873,
          0.9325983779828534
        ],
        [
          0.9369668078235737,
          0.9372450327342972,
          0.9383732880650718,
          1.932057995803842,
          0.9372314908117281,
          0.9369596380250637,
          0.9459329849067054,
          0.9380261860036085,
          1.40642207855182,
          0.9376339563955688,
          0.9371645516913132,
          0.9370923111175797,
          0.9372011463390152,
          0.937108487304993,
          0.9367833816278337,
          0.9474538867295518,
          0.9369936950316655,
          0.937398648556019,
          0.938463330191132,
          0.9368727072622481,
          0.937502774358228,
          0.9369937644505054,
          0.9371770531391777,
          0.9372947891800009,
          0.9373607499195715,
          0.9350563750168905,
          0.0,
          0.9372696470644122,
          0.9523521038615237,
          0.9372959121326316,
          0.9373885512426067,
          0.9957542509635066,
          0.937019525168755,
          0.9371688978969079
        ],
        [
          0.9349939857535711,
          0.9352007619978454,
          0.9363858180784467,
          0.9688075144844752,
          0.935200417561257,
          0.9349859583738233,
          0.9451521866746286,
          0.9363301306562073,
          0.9341464201519886,
          0.9357924103650302,
          0.9350840879709456,
          0.9350677563381418,
          0.9351578993834481,
          0.9350902857421687,
          0.9347320575483943,
          0.9470151015261016,
          0.9350647607212079,
          0.9352315973508927,
          0.9363693090136785,
          0.9351191397439993,
          0.935966999471818,
          0.9349443058555995,
          0.9350986039661743,
          0.9351768778514108,
          0.9351934373272257,
          0.9344282727005261,
          0.9372696470644122,
          0.0,
          1.8945736129928616,
          0.935223087048462,
          0.9352546340288013,
          1.0000292208753263,
          0.9350327463035142,
          0.9351236508250829
        ],
        [
          0.9506894151627263,
          0.9509537510133219,
          1.0095996845607265,
          1.205500253761609,
          1.4317554827354861,
          0.9506879525936752,
          1.8395367303168149,
          0.9511267211911906,
          0.9508323873423802,
          0.9504922097511801,
          0.9514326403151081,
          0.9510471620648625,
          1.4220232294893933,
          0.9509455933340022,
          0.9506967518016621,
          0.960499971009007,
          0.9506776390883295,
          0.9523148355207446,
          1.0052825944540424,
          0.9487075237732633,
          0.949220722685831,
          0.9509917811255372,
          0.9514422658097492,
          0.9518419445963546,
          0.9523382148645444,
          1.8942975147223677,
          0.9523521038615237,
          1.8945736129928616,
          0.0,
          0.9511365049016485,
          0.9517266706861953,
          1.0182674399434475,
          0.9508778277124128,
          1.4253733155994566
        ],
        [
          0.9350435089490862,
          1.073588670868707,
          0.9363006462554246,
          1.1421624295110036,
          0.9351845093791994,
          0.9350353798420359,
          0.9448190017453981,
          0.9367952970999582,
          0.9343152180480331,
          0.9360235489021747,
          0.9350925900623613,
          0.9350750962855909,
          0.9351498894950482,
          0.9351006483431489,
          0.9348331578790828,
          0.9468759718911509,
          0.9352198664533861,
          0.9352401095202094,
          0.9362933491077456,
          0.9352879028485027,
          0.9361765074505005,
          0.9349553792667413,
          0.9351067290387137,
          0.9351843878436112,
          0.9352494353290809,
          0.9328090642356505,
          0.9372959121326316,
          0.935223087048462,
          0.9511365049016485,
          0.0,
          0.9352620086951031,
          1.448644694213586,
          0.9350823013246105,
          0.9351128269037114
        ],
        [
          0.9350266200995141,
          0.935239024569987,
          0.9363443015009962,
          0.9697267886760291,
          0.9352144232692304,
          0.9350183561230859,
          0.9450972465895282,
          0.9365352263862797,
          1.1866418401805205,
          0.9816242110052144,
          0.9351175361015172,
          0.9351015298273782,
          0.9351782431830279,
          0.935185733321815,
          1.2780161429324122,
          0.947258964440212,
          0.9351215008948961,
          0.9353069165413457,
          0.9363476176872602,
          0.9351706404375859,
          0.9360729465368829,
          0.9349758145022121,
          0.93513231336062,
          0.9352115702720664,
          0.9353673732149941,
          0.9327376812606691,
          0.9373885512426067,
          0.9352546340288013,
          0.9517266706861953,
          0.9352620086951031,
          0.0,
          1.0013548511661436,
          0.9350661126449804,
          0.9351390734378735
        ],
        [
          0.9967839248091083,
          1.2015407823675202,
          1.002238534524194,
          2.39463266268898,
          0.9999612293771893,
          0.9968188183227854,
          1.0396470824797972,
          2.570537446629136,
          1.5029083419315201,
          2.3916281388485108,
          1.0008934462719643,
          0.9988252956326112,
          0.9999767261962685,
          0.9978859374427212,
          0.9976877018381203,
          1.547724641294201,
          1.314466617539177,
          1.0051734930015463,
          1.0054750845081148,
          1.794502664764318,
          2.4600492195490906,
          1.0007252865852423,
          1.000890336167847,
          1.001938675385052,
          1.0045589862166524,
          0.99908140119569,
          0.9957542509635066,
          1.0000292208753263,
          1.0182674399434475,
          1.448644694213586,
          1.0013548511661436,
          0.0,
          0.9977868280533233,
          0.9999592542414565
        ],
        [
          0.9348219625488927,
          0.9350650534933483,
          0.9361230545747439,
          1.4505212312226237,
          0.9349933896367624,
          0.9348133848816871,
          0.9445132378160012,
          1.406400302971401,
          0.9340275021098173,
          0.9356417312714557,
          0.9349044058465293,
          0.9348858008224905,
          0.9349591293116801,
          0.9349119484905941,
          0.9345880248319954,
          0.9463993002544852,
          0.9348962231185254,
          0.9350378490393932,
          0.9361055700776348,
          0.9350611474676828,
          0.9358478506099935,
          0.9347771993178885,
          0.9349185830732737,
          0.9349875173380143,
          0.9350066061657147,
          0.9326065654238873,
          0.937019525168755,
          0.9350327463035142,
          0.9508778277124128,
          0.9350823013246105,
          0.9350661126449804,
          0.9977868280533233,
          0.0,
          0.9349231648868067
        ],
        [
          0.9348853223477994,
          0.9350924390798413,
          0.9364658976180068,
          0.9692787242609212,
          0.9350776364386644,
          0.934877182671251,
          0.9462345413381078,
          0.9362359367446759,
          0.9340349004287145,
          0.93570256396882,
          0.9349681909798128,
          0.9349548194779024,
          0.9350389305694955,
          0.9349814629669104,
          0.9346265729707768,
          0.9469309367464434,
          0.9349599285076413,
          0.9351109443153043,
          1.4036705223299775,
          0.935023783971557,
          0.9358893549466997,
          0.9348306199234416,
          0.9349827519759892,
          0.9350587346226644,
          0.9350758799655433,
          0.9325983779828534,
          0.9371688978969079,
          0.9351236508250829,
          1.4253733155994566,
          0.9351128269037114,
          0.9351390734378735,
          0.9999592542414565,
          0.9349231648868067,
          0.0
        ]
      ]
    },
    "region": {
      "alphabet": [
        "Africa",
        "Asia",
        "Europe",
        "North America",
        "Oceania",
        "South America",
        "?"
      ],
      "equilibrium_probabilities": [
        0.17423175287618248,
        0.19797214163715163,
        0.2086121075015655,
        0.18378644341438294,
        0.1663893515101742,
        0.06900820306054321
      ],
      "rate": 48.33830178988561,
      "transition_matrix": [
        [
          0.0,
          0.5508902512005913,
          0.7992025817954522,
          0.5337407079790994,
          0.5314433434659884,
          1.0627080041351313
        ],
        [
          0.5508902512005913,
          0.0,
          0.8332215411969001,
          3.8164721432170188,
          0.8188525774066393,
          1.6372799973290157
        ],
        [
          0.7992025817954522,
          0.8332215411969001,
          0.0,
          1.3365148369342097,
          0.5331588916725732,
          1.0675810111986874
        ],
        [
          0.5337407079790994,
          3.8164721432170188,
          1.3365148369342097,
          0.0,
          0.5339564895988285,
          6.032753458102899
        ],
        [
          0.5314433434659884,
          0.8188525774066393,
          0.5331588916725732,
          0.5339564895988285,
          0.0,
          0.5315041574396946
        ],
        [
          1.0627080041351313,
          1.6372799973290157,
          1.0675810111986874,
          6.032753458102899,
          0.5315041574396946,
          0.0
        ]
      ]
    }
  },
  "nodes": {
    "KJ776791": {
      "country": "China",
      "country_confidence": {
        "Angola": 0.01635772387292842,
        "Argentina": 0.016191739428510123,
        "Australia": 0.04229650966754049,
        "Brazil": 0.1007122439894702,
        "Cambodia": 0.016898279889256997,
        "Cape Verde": 0.016378335761303816,
        "China": 0.25255459844447986,
        "Colombia": 0.016196449140765116,
        "Cuba": 0.01812566875202469,
        "Dominican Republic": 0.017022184737334706,
        "Ecuador": 0.016020555524934085,
        "El Salvador": 0.01563007943900485,
        "France": 0.016890577843082757,
        "Guatemala": 0.015334327492320547,
        "Haiti": 0.01770183548918855,
        "Honduras": 0.013064195550223102,
        "Italy": 0.017263967619611114,
        "Jamaica": 0.016770743125647275,
        "Japan": 0.03957254938156036,
        "Mexico": 0.01401645783470772,
        "Nicaragua": 0.014916794465295662,
        "Panama": 0.01572852826365183,
        "Peru": 0.01601618151702847,
        "Portugal": 0.016332851670758788,
        "Russian Federation": 0.01790674512453524,
        "Singapore": 0.019792188539477923,
        "Suriname": 0.016628519088505215,
        "Taiwan": 0.017893734536061717,
        "Thailand": 0.08331149367092638,
        "Trinidad and Tobago": 0.01595575014507326,
        "United Kingdom": 0.016164543002032846,
        "United States (USA)": 0.01993590706406159,
        "Venezuela": 0.01652069117219476,
        "Viet nam": 0.017897048756501457
      },
      "country_entropy": 3.019039845624392,
      "region": "Asia",
      "region_confidence": {
        "Africa": 0.01790163545190274,
        "Asia": 0.7760731750786886,
        "Europe": 0.03247156653770543,
