Map from character to field name
A:	Africa
B:	Asia
C:	Europe
D:	North America
E:	Oceania
F:	South America
G:	?


Substitution rate (mu): 48.338302

Equilibrium frequencies (pi_i):
  A: 0.1742
  B: 0.198
  C: 0.2086
  D: 0.1838
  E: 0.1664
  F: 0.069

Symmetrized rates from j->i (W_ij):
	A	B	C	D	E	F
  A	0	0.5509	0.7992	0.5337	0.5314	1.0627
  B	0.5509	0	0.8332	3.8165	0.8189	1.6373
  C	0.7992	0.8332	0	1.3365	0.5332	1.0676
  D	0.5337	3.8165	1.3365	0	0.534	6.0328
  E	0.5314	0.8189	0.5332	0.534	0	0.5315
  F	1.0627	1.6373	1.0676	6.0328	0.5315	0

Actual rates from j->i (Q_ij):
	A	B	C	D	E	F
  A	0	0.096	0.1392	0.093	0.0926	0.1852
  B	0.1091	0	0.165	0.7556	0.1621	0.3241
  C	0.1667	0.1738	0	0.2788	0.1112	0.2227
  D	0.0981	0.7014	0.2456	0	0.0981	1.1087
  E	0.0884	0.1362	0.0887	0.0888	0	0.0884
  F	0.0733	0.113	0.0737	0.4163	0.0367	0
